Unimatrix Zero
Version: 1.2

Range: 10
Line length: 6
Picked: 6
Cover: 5

*****
1 (11.9%): 1 2 3 4 5 10
2 (23.81%): 1 2 3 6 7 9
3 (33.81%): 1 2 4 6 8 10
4 (43.81%): 1 3 4 7 8 9
5 (53.81%): 2 3 5 6 8 9
6 (62.38%): 1 2 5 7 8 10
7 (67.62%): 1 3 6 8 9 10
8 (76.19%): 1 4 5 6 7 9
9 (81.43%): 2 4 5 8 9 10
10 (86.67%): 2 4 6 7 9 10
11 (89.05%): 1 5 6 7 9 10
12 (95.24%): 3 4 5 6 7 8
13 (97.14%): 3 4 5 6 7 10
14 (99.05%): 2 3 4 7 9 10
15 (100.0%): 2 3 7 8 9 10
*****
Total number of lines: 15
Time taken: 0.46756625175476074