Unimatrix Zero
Version: 1.2

Range: 20
Line length: 6
Picked: 5
Cover: 4

*****
1 (1.39%): 1 2 3 4 19 20
2 (2.79%): 1 2 5 6 17 18
3 (4.18%): 1 3 5 7 15 16
4 (5.57%): 2 3 5 8 13 14
5 (6.91%): 1 2 3 9 11 12
6 (8.13%): 1 2 5 10 12 20
7 (9.47%): 1 3 6 7 10 14
8 (10.75%): 1 2 6 8 16 19
9 (12.02%): 2 3 6 13 15 20
10 (13.3%): 2 3 7 8 17 18
11 (14.58%): 1 2 4 7 11 13
12 (15.81%): 1 2 8 9 10 15
13 (17.09%): 1 3 10 13 16 18
14 (18.32%): 2 3 10 11 17 19
15 (19.49%): 1 3 12 13 17 19
16 (20.67%): 1 2 12 14 15 18
17 (21.9%): 2 3 4 9 14 16
18 (23.03%): 1 3 11 14 17 20
19 (24.09%): 1 3 4 8 15 17
20 (25.08%): 1 2 9 16 17 20
21 (26.3%): 1 4 5 8 9 18
22 (27.48%): 2 4 5 7 14 19
23 (28.66%): 2 4 5 11 15 16
24 (29.84%): 2 4 6 9 12 17
25 (30.97%): 1 4 6 10 15 19
26 (32.04%): 1 4 6 13 14 20
27 (33.15%): 2 4 8 10 12 13
28 (34.14%): 1 4 8 12 14 16
29 (35.16%): 2 4 10 14 18 20
30 (36.12%): 1 4 7 10 16 17
31 (36.91%): 2 4 13 14 15 17
32 (37.84%): 1 4 11 16 18 19
33 (38.94%): 1 5 7 8 11 20
34 (40.03%): 2 5 7 9 13 19
35 (41.07%): 1 5 9 10 11 14
36 (42.01%): 2 5 6 11 12 19
37 (42.94%): 1 5 9 12 13 15
38 (43.83%): 2 5 13 16 18 20
39 (44.65%): 1 5 14 16 17 19
40 (45.47%): 2 5 8 15 19 20
41 (46.53%): 1 6 7 9 18 20
42 (47.54%): 2 6 7 10 12 16
43 (48.46%): 2 6 7 11 14 15
44 (49.37%): 1 6 8 9 11 13
45 (50.23%): 2 6 9 14 18 19
46 (51.03%): 2 6 8 10 11 18
47 (51.71%): 1 5 6 10 13 17
48 (52.48%): 1 6 11 12 16 20
49 (53.15%): 1 6 7 12 13 18
50 (53.99%): 2 7 8 12 17 20
51 (54.77%): 1 7 8 10 14 19
52 (55.5%): 1 7 9 14 15 17
53 (56.22%): 2 7 10 15 18 19
54 (56.87%): 1 7 9 12 19 20
55 (57.59%): 2 7 11 13 14 16
56 (58.09%): 1 7 14 15 16 20
57 (58.66%): 2 7 9 12 16 18
58 (59.24%): 1 7 11 15 17 19
59 (59.88%): 2 8 9 11 14 20
60 (60.51%): 1 8 11 13 17 18
61 (61.11%): 1 8 13 18 19 20
62 (61.68%): 2 6 8 14 16 17
63 (62.22%): 2 9 10 13 14 17
64 (62.78%): 2 9 11 13 15 18
65 (63.32%): 1 10 11 15 16 20
66 (63.85%): 2 10 12 13 16 19
67 (64.29%): 2 3 10 12 14 16
68 (64.78%): 1 3 11 14 18 19
69 (65.31%): 2 11 12 17 18 20
70 (65.74%): 1 13 14 15 16 19
71 (66.87%): 3 4 5 6 12 18
72 (67.9%): 3 4 5 9 10 20
73 (68.69%): 3 4 5 7 11 12
74 (69.37%): 3 4 5 6 13 16
75 (69.98%): 3 4 5 14 15 18
76 (70.79%): 3 4 6 8 9 19
77 (71.41%): 3 4 6 11 17 20
78 (72.11%): 3 4 7 9 13 20
79 (72.69%): 3 4 7 8 15 18
80 (73.36%): 3 4 10 11 12 15
81 (74.03%): 3 5 6 8 12 15
82 (74.72%): 3 5 6 9 16 17
83 (75.22%): 3 5 6 11 19 20
84 (75.87%): 3 5 8 10 16 19
85 (76.44%): 3 5 9 17 18 19
86 (76.93%): 3 5 7 10 11 13
87 (77.49%): 3 5 12 14 17 20
88 (77.87%): 3 5 13 15 17 20
89 (78.3%): 3 5 8 16 18 20
90 (78.79%): 3 6 8 15 16 18
91 (79.29%): 3 6 8 10 12 20
92 (79.8%): 3 6 9 15 16 19
93 (80.14%): 3 6 11 13 14 15
94 (80.73%): 3 7 8 9 11 16
95 (81.18%): 3 7 8 12 14 19
96 (81.56%): 3 7 8 10 13 15
97 (81.96%): 3 8 9 12 14 18
98 (82.31%): 1 8 9 10 17 20
99 (82.65%): 1 8 10 11 12 17
100 (83.04%): 3 9 10 12 18 19
101 (83.37%): 3 9 12 13 14 20
102 (83.73%): 3 9 15 16 17 18
103 (84.08%): 1 4 9 12 15 20
104 (84.42%): 3 12 15 18 19 20
105 (84.99%): 4 5 6 7 8 17
106 (85.39%): 4 5 6 11 14 18
107 (85.86%): 4 5 11 13 17 19
108 (86.31%): 4 5 10 12 17 18
109 (86.71%): 4 5 12 16 19 20
110 (87.01%): 4 5 7 17 18 20
111 (87.5%): 4 6 9 10 13 16
112 (87.91%): 4 7 13 14 18 19
113 (88.37%): 4 9 11 14 17 19
114 (88.71%): 4 8 9 13 16 17
115 (88.99%): 4 9 11 13 19 20
116 (89.38%): 4 8 11 14 15 20
117 (89.7%): 4 6 13 15 17 18
118 (89.99%): 4 10 14 16 17 18
119 (90.4%): 5 6 7 10 19 20
120 (90.8%): 5 6 8 10 14 15
121 (91.07%): 5 6 9 12 14 19
122 (91.4%): 5 6 9 11 15 18
123 (91.67%): 5 6 10 15 17 20
124 (91.99%): 5 7 9 10 11 18
125 (92.35%): 5 7 12 13 14 17
126 (92.58%): 5 7 11 14 16 18
127 (92.81%): 5 7 8 12 18 19
128 (93.16%): 5 8 12 13 15 16
129 (93.37%): 5 10 13 15 18 20
130 (93.54%): 5 6 10 17 18 19
131 (93.74%): 5 11 12 16 17 18
132 (93.9%): 5 8 11 13 16 19
133 (94.06%): 5 13 14 16 18 20
134 (94.23%): 5 8 15 17 18 19
135 (94.47%): 6 7 8 9 12 15
136 (94.67%): 6 8 14 16 18 20
137 (94.87%): 6 8 15 17 19 20
138 (95.09%): 6 9 10 12 14 15
139 (95.28%): 6 9 10 11 14 16
140 (95.55%): 6 7 9 16 17 19
141 (95.73%): 6 11 12 13 14 17
142 (95.91%): 6 7 12 15 16 17
143 (96.12%): 7 8 13 16 17 20
144 (96.24%): 4 7 8 16 18 20
145 (96.44%): 7 9 10 11 13 20
146 (96.56%): 7 9 13 15 16 19
147 (96.76%): 4 7 10 12 15 19
148 (96.94%): 7 11 12 14 19 20
149 (97.12%): 8 9 11 12 15 19
150 (97.25%): 9 10 12 16 19 20
151 (97.39%): 8 9 10 13 14 19
152 (97.48%): 9 11 12 13 17 18
153 (97.55%): 1 10 11 13 14 18
154 (97.63%): 9 14 15 16 18 20
155 (97.71%): 9 10 15 17 18 19
156 (97.78%): 14 15 17 18 19 20
157 (97.9%): 2 3 5 7 10 17
158 (98.03%): 2 4 6 7 9 10
159 (98.14%): 3 4 8 10 11 19
160 (98.25%): 2 3 11 13 18 20
161 (98.36%): 2 5 8 9 15 17
162 (98.47%): 2 3 7 16 19 20
163 (98.56%): 3 6 11 13 16 19
164 (98.63%): 2 3 7 12 15 20
165 (98.7%): 3 8 11 14 15 17
166 (98.79%): 2 13 15 16 17 19
167 (98.85%): 3 10 13 14 15 19
168 (98.93%): 2 5 6 8 13 20
169 (99.0%): 2 4 6 8 11 19
170 (99.06%): 4 6 15 16 18 20
171 (99.11%): 2 4 5 7 9 15
172 (99.17%): 4 7 11 12 14 16
173 (99.24%): 4 8 12 16 18 19
174 (99.28%): 4 10 13 17 18 19
175 (99.34%): 5 7 8 9 10 16
176 (99.39%): 2 6 7 11 14 17
177 (99.43%): 2 6 12 13 14 19
178 (99.48%): 2 8 10 12 15 16
179 (99.52%): 2 9 11 16 17 20
180 (99.58%): 3 6 7 13 14 17
181 (99.62%): 3 4 7 12 16 17
182 (99.66%): 3 7 9 11 18 20
183 (99.69%): 3 5 7 9 12 20
184 (99.72%): 6 7 13 15 18 19
185 (99.75%): 3 6 9 17 18 20
186 (99.79%): 3 8 12 13 15 20
187 (99.82%): 3 7 10 12 17 20
188 (99.85%): 4 5 12 13 14 20
189 (99.88%): 4 7 11 12 15 20
190 (99.9%): 4 12 14 16 17 19
191 (99.92%): 4 7 8 9 13 19
192 (99.94%): 5 8 11 12 15 19
193 (99.96%): 8 12 13 15 17 18
194 (99.98%): 7 8 10 11 13 17
195 (100.0%): 7 10 11 14 18 19
*****
Total number of lines: 195
Time taken: 491.7504372596741