Unimatrix Zero
Version: 1.2

Range: 10
Line length: 6
Picked: 4
Cover: 4

*****
1 (7.14%): 1 2 3 4 9 10
2 (14.29%): 1 2 3 5 7 8
3 (20.48%): 1 2 3 6 8 10
4 (27.14%): 1 2 4 5 6 9
5 (33.33%): 1 2 4 7 8 9
6 (39.05%): 1 2 5 6 7 10
7 (44.76%): 1 3 4 5 8 10
8 (50.48%): 1 3 4 6 7 10
9 (56.19%): 1 3 5 6 8 9
10 (60.48%): 1 3 7 8 9 10
11 (64.29%): 1 4 5 7 9 10
12 (67.62%): 1 4 6 8 9 10
13 (70.48%): 1 5 6 7 8 9
14 (75.71%): 2 3 4 5 6 7
15 (79.52%): 2 3 4 6 8 9
16 (84.29%): 2 3 5 7 9 10
17 (88.57%): 2 4 5 7 8 10
18 (90.95%): 2 4 6 7 9 10
19 (93.81%): 2 5 6 8 9 10
20 (95.71%): 2 3 4 6 7 8
21 (97.62%): 3 4 5 6 9 10
22 (98.57%): 3 4 6 7 9 10
23 (99.52%): 4 5 6 8 9 10
24 (100.0%): 5 6 7 8 9 10
*****
Total number of lines: 24
Time taken: 0.25181007385253906