Unimatrix Zero
Version: 1.2

Range: 11
Line length: 6
Picked: 6
Cover: 5

*****
1 (6.71%): 1 2 3 4 5 11
2 (13.42%): 1 2 3 6 7 10
3 (20.13%): 1 2 4 6 8 9
4 (25.97%): 1 3 4 7 8 11
5 (31.82%): 2 3 4 7 9 10
6 (37.01%): 1 3 4 5 8 10
7 (42.86%): 2 3 5 6 8 11
8 (48.7%): 1 3 5 6 7 9
9 (53.68%): 1 2 5 7 8 10
10 (57.58%): 2 3 5 8 9 11
11 (61.9%): 1 2 5 9 10 11
12 (66.23%): 1 3 6 9 10 11
13 (68.83%): 1 2 7 8 9 11
14 (71.21%): 2 3 6 8 9 10
15 (73.81%): 1 2 4 8 10 11
16 (79.0%): 2 4 5 6 7 11
17 (82.03%): 1 4 5 6 7 10
18 (84.2%): 1 4 5 7 9 11
19 (87.23%): 3 5 7 8 10 11
20 (89.18%): 3 4 7 8 9 10
21 (92.42%): 4 5 6 8 9 11
22 (94.16%): 5 6 7 8 10 11
23 (95.45%): 2 5 6 8 9 10
24 (96.32%): 6 7 8 9 10 11
25 (97.62%): 2 3 4 6 9 11
26 (98.92%): 3 4 5 6 10 11
27 (100.0%): 2 4 5 6 7 8
*****
Total number of lines: 27
Time taken: 1.422435998916626