Unimatrix Zero
Version: 1.2

Range: 20
Line length: 6
Picked: 6
Cover: 5

*****
1 (0.22%): 1 2 3 4 5 20
2 (0.44%): 1 2 3 6 7 19
3 (0.66%): 1 2 4 6 8 18
4 (0.88%): 1 3 4 6 9 17
5 (1.1%): 2 3 4 6 10 16
6 (1.31%): 1 2 3 4 11 15
7 (1.51%): 1 2 3 6 12 14
8 (1.71%): 1 2 4 6 13 20
9 (1.93%): 1 3 4 7 8 16
10 (2.15%): 1 2 4 7 9 14
11 (2.36%): 1 2 3 7 10 18
12 (2.58%): 2 3 4 7 12 17
13 (2.78%): 1 3 4 7 13 19
14 (3.0%): 1 2 3 8 9 13
15 (3.21%): 1 2 4 8 10 19
16 (3.41%): 1 3 4 8 12 20
17 (3.61%): 2 3 4 8 14 19
18 (3.81%): 1 2 3 8 16 17
19 (4.01%): 1 2 4 9 10 12
20 (4.22%): 2 3 4 9 16 18
21 (4.41%): 1 2 3 9 19 20
22 (4.62%): 1 3 4 10 13 14
23 (4.81%): 1 2 3 10 15 17
24 (5.01%): 1 2 4 12 13 16
25 (5.21%): 1 3 4 5 12 18
26 (5.39%): 2 3 4 12 15 19
27 (5.59%): 2 3 4 13 17 18
28 (5.78%): 1 2 3 11 14 16
29 (5.98%): 1 2 4 5 14 17
30 (6.17%): 1 3 4 14 15 18
31 (6.35%): 1 3 4 16 17 19
32 (6.54%): 1 2 4 11 18 19
33 (6.76%): 1 3 5 6 8 15
34 (6.98%): 1 2 5 6 9 16
35 (7.19%): 1 2 5 6 10 11
36 (7.4%): 2 3 5 6 13 19
37 (7.6%): 2 3 5 6 17 20
38 (7.79%): 1 3 5 6 16 18
39 (8.01%): 1 2 5 7 8 12
40 (8.22%): 1 3 5 7 9 11
41 (8.43%): 1 2 5 7 13 15
42 (8.64%): 2 3 5 7 14 18
43 (8.84%): 2 3 5 7 15 16
44 (9.03%): 1 3 5 7 17 20
45 (9.24%): 2 3 5 8 10 12
46 (9.44%): 1 3 5 8 11 19
47 (9.63%): 1 2 5 8 14 20
48 (9.82%): 2 3 5 8 11 18
49 (10.02%): 1 3 5 9 10 14
50 (10.21%): 2 3 5 9 11 12
51 (10.41%): 1 2 5 9 15 18
52 (10.59%): 2 3 5 9 17 19
53 (10.78%): 1 3 5 10 13 16
54 (10.96%): 1 2 5 10 16 19
55 (11.15%): 1 2 5 11 13 17
56 (11.33%): 1 3 5 12 13 17
57 (11.5%): 1 2 5 12 15 20
58 (11.66%): 2 3 5 12 14 16
59 (11.82%): 1 2 5 12 18 19
60 (12.0%): 2 3 5 13 14 15
61 (12.16%): 1 3 5 13 18 20
62 (12.33%): 1 3 5 14 15 19
63 (12.48%): 1 2 5 16 17 18
64 (12.68%): 1 3 6 8 10 20
65 (12.88%): 2 3 6 7 8 11
66 (13.08%): 2 3 6 9 10 15
67 (13.26%): 1 3 6 9 11 18
68 (13.44%): 1 2 6 10 13 18
69 (13.63%): 1 3 6 11 13 15
70 (13.82%): 1 2 6 11 12 17
71 (14.0%): 2 3 6 11 18 20
72 (14.17%): 2 3 6 13 16 20
73 (14.34%): 1 3 6 13 14 17
74 (14.53%): 1 2 6 15 16 19
75 (14.71%): 2 3 6 12 15 18
76 (14.88%): 1 2 6 7 15 20
77 (15.05%): 1 3 6 17 18 19
78 (15.23%): 1 3 7 8 14 18
79 (15.42%): 2 3 7 8 15 20
80 (15.62%): 1 3 7 9 12 15
81 (15.8%): 1 2 7 9 16 17
82 (16.0%): 1 3 7 10 11 12
83 (16.19%): 2 3 7 10 11 13
84 (16.36%): 2 3 7 11 17 19
85 (16.55%): 1 2 7 11 16 20
86 (16.72%): 2 3 7 12 13 20
87 (16.89%): 1 3 7 12 16 19
88 (17.07%): 1 2 7 13 14 19
89 (17.22%): 1 3 7 13 16 18
90 (17.37%): 1 2 7 8 13 17
91 (17.54%): 1 2 7 10 14 15
92 (17.7%): 2 3 7 9 14 17
93 (17.86%): 1 3 7 11 14 20
94 (18.04%): 1 2 8 9 10 11
95 (18.21%): 2 3 8 10 14 17
96 (18.38%): 1 2 8 11 12 15
97 (18.54%): 1 3 8 11 17 20
98 (18.7%): 2 3 8 12 18 19
99 (18.86%): 1 2 8 14 15 16
100 (19.03%): 1 3 8 10 15 18
101 (19.19%): 1 2 8 15 17 19
102 (19.35%): 1 2 8 16 18 20
103 (19.53%): 1 3 9 10 16 20
104 (19.69%): 2 3 9 11 15 17
105 (19.85%): 1 3 9 12 14 16
106 (20.02%): 1 2 9 12 17 20
107 (20.17%): 1 2 9 12 14 18
108 (20.33%): 2 3 9 14 15 20
109 (20.48%): 1 3 9 13 15 16
110 (20.63%): 1 3 9 10 17 18
111 (20.81%): 2 3 10 11 19 20
112 (20.98%): 1 3 10 12 13 19
113 (21.14%): 2 3 10 12 16 17
114 (21.29%): 1 2 10 12 14 20
115 (21.45%): 1 2 10 13 15 20
116 (21.62%): 2 3 10 14 18 19
117 (21.78%): 2 3 11 12 13 14
118 (21.92%): 1 3 11 12 18 20
119 (22.06%): 1 2 11 12 13 19
120 (22.2%): 1 2 11 13 14 18
121 (22.34%): 2 3 4 11 13 20
122 (22.47%): 1 3 11 16 17 18
123 (22.59%): 1 2 12 13 15 18
124 (22.74%): 1 3 12 15 16 20
125 (22.86%): 2 3 12 16 18 20
126 (22.98%): 1 2 7 12 17 18
127 (23.12%): 1 3 12 14 17 19
128 (23.25%): 1 3 13 14 19 20
129 (23.41%): 2 3 13 15 16 19
130 (23.54%): 1 2 9 13 17 19
131 (23.67%): 2 3 8 13 17 20
132 (23.8%): 2 3 9 13 18 19
133 (23.94%): 1 2 14 17 18 20
134 (24.06%): 2 3 11 15 16 18
135 (24.2%): 1 3 15 18 19 20
136 (24.31%): 1 2 14 16 18 19
137 (24.52%): 1 4 5 6 7 10
138 (24.71%): 1 4 5 6 12 19
139 (24.91%): 2 4 5 6 15 17
140 (25.11%): 2 4 5 7 11 19
141 (25.29%): 1 4 5 7 15 16
142 (25.47%): 2 4 5 7 18 20
143 (25.68%): 1 4 5 8 9 13
144 (25.88%): 2 4 5 8 11 16
145 (26.06%): 2 4 5 8 10 15
146 (26.25%): 1 4 5 9 11 20
147 (26.42%): 2 4 5 9 14 19
148 (26.6%): 2 4 5 10 12 13
149 (26.77%): 1 4 5 10 17 18
150 (26.95%): 1 4 5 11 12 14
151 (27.1%): 2 4 5 13 16 18
152 (27.26%): 1 4 5 13 15 19
153 (27.45%): 1 4 6 7 11 17
154 (27.64%): 2 4 6 7 9 12
155 (27.83%): 2 4 6 7 14 16
156 (28.02%): 2 4 6 9 11 13
157 (28.21%): 1 4 6 9 14 15
158 (28.38%): 2 4 6 9 19 20
159 (28.56%): 2 4 6 10 11 14
160 (28.74%): 1 4 6 10 12 15
161 (28.91%): 2 4 6 10 17 19
162 (29.09%): 1 4 6 11 16 20
163 (29.26%): 1 4 6 8 14 19
164 (29.42%): 1 4 6 13 16 17
165 (29.59%): 1 4 7 8 11 18
166 (29.78%): 2 4 7 8 13 15
167 (29.95%): 2 4 7 8 10 20
168 (30.1%): 1 4 7 10 11 13
169 (30.26%): 2 4 7 10 16 19
170 (30.43%): 1 4 7 10 17 20
171 (30.58%): 2 4 7 11 12 18
172 (30.74%): 1 4 7 12 15 19
173 (30.88%): 1 4 7 12 14 20
174 (31.04%): 1 4 7 9 13 18
175 (31.2%): 2 4 7 15 17 18
176 (31.33%): 1 4 7 10 16 18
177 (31.47%): 2 4 7 17 19 20
178 (31.65%): 1 4 8 9 15 20
179 (31.83%): 2 4 8 9 16 17
180 (31.98%): 1 4 8 11 13 14
181 (32.14%): 2 4 8 11 12 17
182 (32.28%): 2 4 8 11 14 20
183 (32.43%): 2 4 8 12 14 18
184 (32.57%): 1 4 8 17 18 20
185 (32.75%): 1 4 9 11 16 19
186 (32.9%): 2 4 9 10 11 17
187 (33.05%): 2 4 9 13 14 15
188 (33.21%): 2 4 9 15 16 20
189 (33.36%): 1 4 9 12 15 17
190 (33.5%): 1 4 9 10 15 19
191 (33.63%): 1 4 9 14 17 18
192 (33.78%): 2 4 9 10 18 20
193 (33.92%): 1 4 10 11 15 16
194 (34.06%): 1 4 10 11 19 20
195 (34.19%): 2 4 10 13 14 17
196 (34.33%): 1 4 8 10 14 16
197 (34.45%): 2 4 10 14 15 18
198 (34.58%): 2 4 10 16 17 20
199 (34.72%): 2 4 11 12 15 20
200 (34.85%): 2 4 11 14 16 17
201 (34.97%): 1 4 11 15 17 20
202 (35.09%): 2 4 12 14 15 19
203 (35.21%): 1 4 12 13 17 19
204 (35.34%): 1 4 6 12 18 20
205 (35.48%): 2 4 12 16 19 20
206 (35.59%): 1 4 8 13 15 17
207 (35.7%): 1 4 14 15 16 20
208 (35.81%): 1 2 6 14 19 20
209 (35.91%): 2 4 12 15 16 17
210 (36.02%): 1 4 6 15 16 18
211 (36.14%): 2 4 15 18 19 20
212 (36.32%): 1 5 6 7 14 18
213 (36.49%): 2 5 6 7 10 17
214 (36.68%): 2 5 6 8 13 14
215 (36.86%): 1 5 6 8 9 17
216 (37.03%): 2 5 6 8 19 20
217 (37.2%): 1 5 6 9 12 13
218 (37.37%): 2 5 6 11 14 15
219 (37.53%): 1 5 6 17 19 20
220 (37.68%): 2 5 6 9 18 20
221 (37.85%): 2 5 7 9 10 20
222 (38.02%): 1 5 7 9 18 19
223 (38.18%): 1 5 7 11 14 16
224 (38.33%): 1 5 7 11 15 18
225 (38.48%): 1 5 7 10 17 19
226 (38.63%): 1 5 7 8 19 20
227 (38.79%): 2 5 8 9 15 19
228 (38.95%): 1 5 8 10 13 18
229 (39.1%): 1 5 8 10 12 17
230 (39.26%): 1 5 8 13 16 20
231 (39.4%): 2 5 8 13 17 19
232 (39.56%): 2 5 9 10 13 16
233 (39.69%): 1 5 9 10 15 17
234 (39.83%): 2 5 9 11 14 17
235 (39.96%): 1 5 9 11 14 19
236 (40.1%): 1 5 9 13 14 20
237 (40.23%): 2 5 10 13 14 20
238 (40.37%): 1 5 10 14 18 20
239 (40.5%): 2 5 10 11 17 20
240 (40.66%): 2 5 6 11 12 16
241 (40.8%): 1 5 11 15 16 17
242 (40.94%): 2 5 10 11 15 19
243 (41.07%): 2 5 11 13 18 20
244 (41.19%): 1 5 11 12 19 20
245 (41.32%): 1 5 12 13 14 15
246 (41.44%): 1 5 13 14 16 19
247 (41.55%): 2 5 12 13 19 20
248 (41.73%): 1 6 7 8 9 16
249 (41.9%): 2 6 7 8 10 18
250 (42.05%): 1 6 7 8 12 14
251 (42.21%): 1 6 7 9 10 19
252 (42.36%): 2 6 7 9 11 19
253 (42.51%): 1 6 7 9 13 20
254 (42.65%): 2 6 7 9 16 18
255 (42.8%): 2 6 7 10 12 13
256 (42.94%): 1 6 7 10 16 17
257 (43.08%): 1 6 7 11 13 19
258 (43.2%): 2 6 7 11 14 20
259 (43.31%): 2 6 7 11 17 18
260 (43.45%): 2 6 7 8 12 16
261 (43.57%): 2 6 7 13 16 17
262 (43.71%): 1 6 7 14 15 17
263 (43.88%): 2 6 8 9 12 20
264 (44.03%): 2 6 8 9 14 17
265 (44.17%): 1 6 8 9 11 15
266 (44.31%): 1 6 8 9 12 19
267 (44.45%): 1 6 8 10 12 16
268 (44.58%): 1 6 8 10 11 14
269 (44.73%): 2 6 8 10 15 16
270 (44.85%): 1 6 8 10 13 17
271 (44.99%): 2 6 8 11 13 19
272 (45.11%): 1 6 8 11 16 18
273 (45.21%): 1 6 8 11 15 20
274 (45.34%): 1 6 8 12 13 18
275 (45.47%): 2 6 8 13 15 18
276 (45.58%): 1 6 8 13 16 19
277 (45.69%): 2 6 8 12 17 20
278 (45.84%): 2 6 9 10 14 16
279 (45.95%): 1 6 9 10 17 20
280 (46.06%): 1 6 9 11 12 14
281 (46.15%): 2 6 9 11 16 20
282 (46.28%): 2 6 9 12 13 15
283 (46.39%): 1 6 9 13 14 16
284 (46.5%): 1 6 9 15 17 18
285 (46.62%): 2 6 9 14 18 19
286 (46.76%): 2 6 10 12 18 19
287 (46.87%): 1 6 10 14 16 17
288 (46.97%): 1 6 10 16 19 20
289 (47.07%): 1 6 11 12 13 16
290 (47.19%): 1 6 11 15 18 19
291 (47.3%): 2 6 12 14 16 18
292 (47.41%): 1 6 12 16 17 20
293 (47.53%): 2 6 13 14 15 17
294 (47.63%): 1 6 14 15 18 20
295 (47.78%): 2 7 8 9 15 18
296 (47.93%): 2 7 8 9 16 19
297 (48.05%): 1 7 8 9 14 20
298 (48.18%): 1 7 8 10 15 16
299 (48.32%): 2 7 8 11 14 19
300 (48.45%): 1 7 8 17 18 19
301 (48.58%): 1 7 9 10 12 13
302 (48.72%): 2 7 9 11 12 16
303 (48.85%): 1 7 9 11 13 17
304 (48.97%): 2 7 9 11 13 15
305 (49.08%): 1 7 9 11 18 20
306 (49.22%): 2 7 9 10 12 19
307 (49.33%): 1 7 9 15 19 20
308 (49.45%): 2 7 10 11 15 17
309 (49.56%): 1 7 10 11 18 19
310 (49.68%): 2 7 10 12 14 16
311 (49.8%): 2 7 10 13 16 18
312 (49.9%): 2 7 10 18 19 20
313 (50.02%): 1 7 11 12 14 17
314 (50.12%): 2 7 11 14 15 19
315 (50.24%): 1 7 12 15 16 18
316 (50.34%): 2 7 12 14 19 20
317 (50.46%): 2 7 13 14 18 20
318 (50.56%): 2 7 15 17 18 19
319 (50.7%): 1 8 9 12 16 18
320 (50.83%): 1 8 9 10 14 19
321 (50.97%): 2 8 9 10 17 18
322 (51.09%): 1 8 9 18 19 20
323 (51.22%): 2 8 10 11 12 13
324 (51.32%): 1 8 10 12 18 20
325 (51.44%): 2 8 10 13 14 16
326 (51.53%): 2 8 10 11 14 18
327 (51.63%): 2 8 10 17 19 20
328 (51.74%): 2 8 11 13 15 16
329 (51.86%): 2 8 9 11 13 20
330 (51.97%): 1 8 11 14 17 19
331 (52.08%): 1 8 11 12 16 19
332 (52.18%): 1 8 11 13 17 18
333 (52.27%): 2 8 11 16 19 20
334 (52.39%): 2 8 9 12 13 14
335 (52.5%): 1 8 12 13 15 20
336 (52.63%): 2 8 12 14 15 17
337 (52.72%): 1 8 12 14 15 19
338 (52.79%): 2 8 12 15 19 20
339 (52.89%): 2 4 8 13 18 19
340 (52.97%): 1 7 8 13 19 20
341 (53.09%): 1 9 10 11 13 14
342 (53.18%): 1 9 10 14 15 17
343 (53.29%): 2 9 10 12 15 16
344 (53.4%): 1 9 10 11 16 18
345 (53.5%): 2 9 10 11 18 19
346 (53.59%): 1 9 11 13 16 20
347 (53.68%): 2 9 11 14 15 20
348 (53.77%): 1 9 11 15 16 19
349 (53.88%): 2 9 11 12 17 18
350 (53.97%): 2 9 12 15 17 19
351 (54.07%): 1 9 12 16 17 19
352 (54.18%): 2 9 13 16 17 18
353 (54.27%): 1 9 13 18 19 20
354 (54.35%): 2 9 14 15 16 19
355 (54.45%): 2 9 14 16 17 20
356 (54.54%): 1 10 11 12 16 18
357 (54.64%): 2 10 11 13 16 19
358 (54.74%): 1 10 11 14 17 19
359 (54.83%): 1 10 11 15 18 20
360 (54.91%): 1 8 10 11 16 17
361 (54.99%): 2 10 11 15 17 18
362 (55.1%): 1 10 12 13 17 20
363 (55.19%): 1 10 12 15 17 19
364 (55.28%): 1 10 13 15 16 17
365 (55.39%): 2 5 10 15 16 18
366 (55.48%): 1 10 13 15 18 19
367 (55.57%): 2 10 14 17 18 19
368 (55.64%): 1 11 14 15 17 20
369 (55.74%): 2 11 15 17 19 20
370 (55.83%): 2 6 11 16 17 19
371 (55.94%): 1 12 13 14 17 18
372 (56.03%): 2 5 12 14 16 17
373 (56.12%): 1 7 13 14 16 17
374 (56.22%): 2 13 14 16 19 20
375 (56.31%): 2 13 15 16 17 20
376 (56.4%): 1 16 17 18 19 20
377 (56.59%): 3 4 5 6 11 14
378 (56.77%): 3 4 5 6 7 13
379 (56.94%): 3 4 5 7 10 14
380 (57.11%): 3 4 5 8 9 10
381 (57.27%): 3 4 5 8 14 17
382 (57.44%): 3 4 5 9 15 18
383 (57.6%): 3 4 5 9 12 16
384 (57.74%): 3 4 5 9 19 20
385 (57.9%): 3 4 5 10 11 17
386 (58.06%): 3 4 5 10 15 20
387 (58.2%): 3 4 5 10 18 19
388 (58.34%): 3 4 5 11 13 16
389 (58.47%): 3 4 5 14 16 20
390 (58.59%): 3 4 5 15 17 19
391 (58.75%): 3 4 6 7 12 20
392 (58.89%): 3 4 6 7 14 15
393 (59.05%): 3 4 6 7 18 19
394 (59.22%): 3 4 6 8 11 12
395 (59.37%): 3 4 6 8 9 13
396 (59.51%): 3 4 6 10 11 18
397 (59.64%): 3 4 6 10 13 19
398 (59.76%): 3 4 6 11 16 19
399 (59.89%): 3 4 6 12 13 14
400 (60.0%): 3 4 6 12 16 17
401 (60.11%): 3 4 6 13 18 20
402 (60.21%): 3 4 6 8 14 16
403 (60.34%): 3 4 6 14 17 20
404 (60.45%): 3 4 6 8 15 19
405 (60.55%): 3 4 6 15 17 20
406 (60.62%): 3 4 6 12 19 20
407 (60.77%): 3 4 7 9 10 15
408 (60.92%): 3 4 7 9 11 20
409 (61.03%): 3 4 7 14 17 18
410 (61.15%): 3 4 7 13 15 17
411 (61.25%): 3 4 7 15 16 20
412 (61.35%): 3 4 7 8 18 20
413 (61.49%): 3 4 8 9 11 19
414 (61.6%): 3 4 8 9 12 14
415 (61.69%): 3 4 8 9 17 18
416 (61.81%): 3 4 8 10 11 15
417 (61.92%): 3 4 8 10 12 17
418 (62.05%): 3 4 8 13 16 18
419 (62.13%): 3 4 8 16 18 19
420 (62.24%): 3 4 9 10 11 14
421 (62.37%): 3 4 9 11 12 13
422 (62.47%): 3 4 9 12 18 19
423 (62.59%): 3 4 9 13 17 20
424 (62.7%): 3 4 9 13 14 19
425 (62.78%): 3 4 9 14 18 20
426 (62.89%): 3 4 10 12 16 18
427 (62.97%): 3 4 10 13 18 20
428 (63.06%): 3 4 11 12 14 16
429 (63.15%): 3 4 11 12 17 20
430 (63.24%): 3 4 11 12 15 19
431 (63.32%): 3 4 11 13 17 19
432 (63.41%): 3 4 11 13 15 18
433 (63.48%): 3 4 11 14 15 17
434 (63.56%): 3 4 11 14 18 19
435 (63.66%): 3 4 8 12 13 15
436 (63.73%): 3 4 13 14 15 20
437 (63.81%): 3 4 10 13 16 20
438 (63.88%): 1 4 5 16 18 20
439 (64.04%): 3 5 6 7 12 19
440 (64.19%): 3 5 6 9 16 19
441 (64.32%): 3 5 6 9 15 20
442 (64.47%): 3 5 6 10 12 20
443 (64.61%): 3 5 6 10 17 18
444 (64.72%): 3 5 6 10 14 19
445 (64.84%): 3 5 6 11 12 15
446 (64.95%): 3 5 6 11 13 17
447 (65.05%): 3 5 6 7 11 20
448 (65.15%): 3 5 6 8 14 20
449 (65.31%): 3 5 7 8 10 13
450 (65.44%): 3 5 7 10 12 15
451 (65.56%): 3 5 7 9 12 14
452 (65.67%): 3 5 7 13 14 19
453 (65.8%): 3 5 8 9 12 20
454 (65.93%): 3 5 8 9 16 17
455 (66.05%): 3 5 8 9 14 18
456 (66.15%): 3 5 8 12 14 16
457 (66.24%): 3 5 8 11 13 14
458 (66.38%): 3 5 8 15 17 18
459 (66.47%): 3 5 9 12 13 19
460 (66.58%): 3 5 10 11 15 16
461 (66.68%): 3 5 10 11 12 18
462 (66.78%): 3 5 10 11 16 20
463 (66.88%): 3 5 10 17 19 20
464 (66.96%): 3 5 11 12 16 19
465 (67.06%): 3 5 11 14 17 18
466 (67.17%): 3 5 11 13 15 20
467 (67.26%): 3 5 12 14 18 20
468 (67.37%): 3 5 14 15 16 17
469 (67.48%): 3 5 7 16 19 20
470 (67.61%): 3 6 7 8 13 17
471 (67.73%): 3 6 7 9 10 14
472 (67.85%): 3 6 7 10 13 15
473 (67.97%): 3 6 7 11 15 16
474 (68.09%): 3 6 7 12 13 18
475 (68.21%): 3 6 7 9 12 17
476 (68.33%): 3 6 7 14 16 19
477 (68.42%): 3 6 7 15 18 20
478 (68.5%): 3 6 7 8 16 20
479 (68.61%): 3 6 8 9 14 15
480 (68.71%): 3 6 8 12 17 19
481 (68.82%): 3 6 9 10 11 12
482 (68.92%): 3 6 9 10 13 17
483 (69.01%): 3 6 9 12 19 20
484 (69.09%): 3 6 9 13 15 19
485 (69.17%): 3 6 9 11 14 19
486 (69.24%): 3 6 9 14 16 20
487 (69.33%): 3 6 10 11 16 17
488 (69.41%): 3 6 10 11 15 19
489 (69.5%): 3 6 10 12 14 17
490 (69.57%): 1 6 10 12 14 18
491 (69.66%): 3 6 10 14 15 16
492 (69.72%): 3 6 11 12 19 20
493 (69.79%): 3 6 12 13 16 20
494 (69.87%): 3 6 12 15 17 18
495 (69.95%): 3 6 12 15 16 19
496 (70.03%): 3 6 15 16 17 18
497 (70.17%): 3 7 8 9 10 19
498 (70.27%): 3 7 8 9 15 17
499 (70.37%): 3 7 8 10 16 17
500 (70.49%): 3 7 8 11 13 16
501 (70.6%): 3 7 8 11 14 15
502 (70.69%): 3 7 8 12 13 18
503 (70.77%): 3 7 8 11 12 17
504 (70.85%): 1 7 8 13 14 15
505 (70.94%): 3 7 8 15 17 19
506 (71.06%): 3 7 9 13 14 16
507 (71.14%): 3 7 9 14 17 19
508 (71.23%): 3 7 10 13 17 18
509 (71.32%): 3 7 10 13 14 20
510 (71.41%): 3 7 10 14 16 18
511 (71.48%): 3 7 10 14 17 20
512 (71.56%): 3 7 10 12 14 19
513 (71.64%): 3 7 10 15 19 20
514 (71.71%): 3 7 11 15 16 17
515 (71.79%): 3 7 11 15 18 19
516 (71.86%): 3 7 12 13 14 15
517 (71.94%): 1 7 13 15 17 20
518 (72.0%): 1 7 14 15 16 18
519 (72.06%): 3 7 15 17 18 20
520 (72.15%): 3 8 9 10 12 20
521 (72.24%): 3 8 9 11 12 16
522 (72.32%): 3 8 9 11 14 18
523 (72.39%): 3 8 9 12 13 17
524 (72.45%): 3 8 9 14 17 20
525 (72.54%): 3 8 9 15 16 19
526 (72.6%): 3 8 9 11 17 19
527 (72.69%): 3 8 10 11 13 19
528 (72.77%): 3 8 10 12 14 20
529 (72.86%): 3 8 10 16 18 19
530 (72.92%): 3 8 10 15 17 19
531 (72.98%): 1 5 8 11 12 13
532 (73.04%): 1 8 11 12 14 20
533 (73.11%): 3 8 11 15 16 20
534 (73.17%): 3 8 12 13 14 16
535 (73.24%): 1 8 12 15 16 17
536 (73.31%): 3 8 12 16 17 18
537 (73.38%): 3 8 13 15 19 20
538 (73.45%): 3 8 13 16 17 19
539 (73.54%): 3 8 13 14 18 19
540 (73.6%): 1 5 8 14 15 17
541 (73.66%): 3 8 14 15 18 20
542 (73.73%): 3 8 14 16 19 20
543 (73.8%): 3 9 10 11 13 15
544 (73.87%): 3 9 10 11 16 19
545 (73.93%): 1 5 9 11 12 17
546 (73.99%): 1 9 11 12 19 20
547 (74.05%): 3 9 11 13 18 19
548 (74.12%): 3 9 11 14 15 18
549 (74.19%): 3 9 11 14 16 17
550 (74.24%): 3 9 11 15 17 20
551 (74.33%): 3 9 10 12 13 18
552 (74.39%): 3 9 12 13 18 20
553 (74.45%): 3 6 9 13 14 18
554 (74.51%): 1 9 12 14 18 19
555 (74.56%): 3 9 14 15 17 19
556 (74.63%): 3 9 16 18 19 20
557 (74.69%): 3 10 11 13 17 20
558 (74.75%): 3 10 11 13 14 18
559 (74.82%): 3 10 11 12 14 15
560 (74.88%): 1 5 10 14 15 20
561 (74.94%): 1 10 12 14 16 19
562 (74.99%): 1 5 10 15 16 19
563 (75.05%): 3 11 12 13 15 17
564 (75.11%): 1 11 13 15 16 19
565 (75.15%): 1 11 15 17 18 19
566 (75.21%): 3 11 14 16 19 20
567 (75.28%): 3 5 13 15 17 18
568 (75.33%): 1 6 13 15 17 19
569 (75.39%): 3 13 16 17 18 20
570 (75.44%): 1 8 14 16 17 20
571 (75.51%): 1 13 14 16 18 20
572 (75.66%): 4 5 6 8 11 18
573 (75.79%): 4 5 6 8 16 17
574 (75.92%): 4 5 6 8 13 20
575 (76.05%): 4 5 6 9 10 18
576 (76.16%): 4 5 6 11 13 15
577 (76.28%): 4 5 6 13 14 18
578 (76.39%): 4 5 6 14 16 19
579 (76.5%): 4 5 6 12 14 20
580 (76.6%): 4 5 6 15 16 20
581 (76.74%): 4 5 7 8 14 15
582 (76.89%): 4 5 7 8 12 17
583 (77.01%): 4 5 7 9 12 16
584 (77.16%): 4 5 7 9 13 17
585 (77.28%): 4 5 7 12 13 20
586 (77.37%): 4 5 7 11 13 14
587 (77.47%): 4 5 7 14 18 19
588 (77.58%): 4 5 8 10 11 20
589 (77.68%): 4 5 8 9 11 15
590 (77.77%): 4 5 8 11 17 19
591 (77.9%): 4 5 8 12 15 18
592 (78.01%): 4 5 8 12 16 19
593 (78.09%): 4 5 8 14 16 18
594 (78.16%): 4 5 8 10 18 19
595 (78.27%): 4 5 9 10 16 17
596 (78.35%): 4 5 9 14 15 16
597 (78.45%): 4 5 9 17 18 19
598 (78.54%): 4 5 10 12 13 16
599 (78.63%): 4 5 10 12 19 20
600 (78.7%): 4 5 9 10 13 20
601 (78.78%): 4 5 10 14 15 19
602 (78.87%): 4 5 11 13 16 18
603 (78.95%): 4 5 12 16 17 18
604 (79.04%): 4 5 12 14 17 20
605 (79.12%): 4 5 13 17 19 20
606 (79.18%): 4 5 14 15 19 20
607 (79.3%): 4 6 7 8 10 13
608 (79.41%): 4 6 7 8 15 19
609 (79.5%): 4 6 7 8 9 20
610 (79.6%): 4 6 7 12 13 19
611 (79.69%): 4 6 7 12 16 18
612 (79.76%): 4 6 7 13 14 20
613 (79.84%): 4 6 7 13 15 16
614 (79.92%): 4 6 7 9 16 19
615 (80.0%): 4 6 7 18 19 20
616 (80.1%): 4 6 8 9 10 12
617 (80.18%): 4 6 8 12 14 17
618 (80.26%): 4 6 9 10 11 16
619 (80.33%): 4 6 9 10 13 18
620 (80.41%): 4 6 9 12 15 16
621 (80.47%): 4 6 9 13 17 19
622 (80.55%): 4 6 9 15 18 19
623 (80.65%): 4 6 10 14 18 20
624 (80.72%): 4 6 10 17 18 19
625 (80.8%): 4 6 11 13 17 18
626 (80.88%): 4 6 11 14 15 18
627 (80.93%): 4 6 12 14 16 19
628 (81.0%): 4 6 13 16 18 19
629 (81.06%): 4 6 13 15 19 20
630 (81.16%): 4 7 8 9 10 14
631 (81.26%): 4 7 8 9 11 12
632 (81.32%): 4 7 8 9 17 20
633 (81.4%): 4 7 8 9 13 19
634 (81.48%): 4 7 8 10 12 15
635 (81.54%): 4 7 8 12 13 16
636 (81.63%): 4 7 8 14 17 19
637 (81.71%): 4 7 9 11 15 18
638 (81.8%): 4 7 9 16 17 20
639 (81.87%): 4 7 9 10 17 19
640 (81.95%): 4 7 10 11 14 19
641 (82.04%): 4 7 11 12 16 20
642 (82.1%): 4 7 11 14 15 20
643 (82.16%): 4 7 12 13 16 17
644 (82.23%): 4 7 13 16 19 20
645 (82.29%): 4 7 14 16 17 19
646 (82.36%): 4 7 13 15 18 20
647 (82.43%): 4 8 9 10 13 17
648 (82.5%): 4 8 9 10 16 18
649 (82.55%): 4 8 9 11 16 17
650 (82.61%): 4 8 9 17 19 20
651 (82.69%): 4 8 10 11 12 19
652 (82.76%): 4 8 10 12 13 14
653 (82.83%): 4 8 10 13 15 20
654 (82.92%): 4 8 11 15 16 19
655 (82.99%): 4 8 12 18 19 20
656 (83.05%): 4 8 15 16 18 19
657 (83.1%): 4 8 10 16 19 20
658 (83.17%): 4 9 10 13 16 19
659 (83.27%): 4 9 10 12 14 20
660 (83.35%): 4 9 11 12 14 18
661 (83.41%): 4 9 11 12 13 15
662 (83.48%): 4 9 12 13 14 20
663 (83.54%): 1 5 9 12 16 20
664 (83.6%): 4 9 11 14 19 20
665 (83.68%): 4 10 11 12 17 18
666 (83.74%): 4 10 11 14 16 18
667 (83.81%): 4 10 12 13 15 18
668 (83.86%): 4 10 12 14 15 17
669 (83.9%): 4 10 12 16 17 20
670 (83.95%): 4 10 12 13 18 19
671 (83.99%): 4 10 14 18 19 20
672 (84.06%): 4 11 12 13 18 20
673 (84.11%): 4 5 11 12 15 18
674 (84.16%): 4 11 12 16 17 19
675 (84.22%): 4 11 13 14 15 19
676 (84.29%): 4 11 14 17 18 20
677 (84.33%): 4 12 13 14 16 17
678 (84.39%): 4 12 14 15 16 18
679 (84.43%): 1 12 13 16 18 19
680 (84.48%): 4 8 13 14 17 20
681 (84.52%): 4 7 13 14 18 19
682 (84.57%): 4 14 15 16 17 19
683 (84.61%): 1 14 17 18 19 20
684 (84.74%): 5 6 7 8 9 11
685 (84.86%): 5 6 7 8 13 18
686 (84.98%): 5 6 7 9 15 17
687 (85.09%): 5 6 7 10 11 12
688 (85.2%): 5 6 7 12 15 19
689 (85.29%): 5 6 7 12 16 20
690 (85.38%): 5 6 7 12 17 19
691 (85.47%): 5 6 7 10 13 16
692 (85.55%): 5 6 7 13 14 17
693 (85.64%): 5 6 7 16 18 19
694 (85.75%): 5 6 8 10 14 19
695 (85.83%): 5 6 8 12 18 20
696 (85.92%): 5 6 8 11 14 16
697 (86.0%): 5 6 8 11 18 19
698 (86.09%): 5 6 9 10 15 19
699 (86.18%): 5 6 10 13 14 15
700 (86.27%): 5 6 10 13 19 20
701 (86.35%): 5 6 10 15 18 20
702 (86.4%): 5 6 10 16 18 19
703 (86.49%): 5 6 9 11 12 18
704 (86.57%): 5 6 11 13 14 20
705 (86.62%): 5 6 11 13 18 19
706 (86.69%): 5 6 11 14 17 20
707 (86.74%): 5 6 9 11 16 19
708 (86.81%): 5 6 11 17 18 20
709 (86.88%): 5 6 12 14 15 16
710 (86.96%): 5 6 9 12 14 17
711 (87.05%): 5 6 12 13 15 17
712 (87.09%): 5 6 9 12 15 18
713 (87.15%): 5 6 12 13 17 18
714 (87.24%): 5 6 8 13 15 16
715 (87.28%): 1 5 9 13 15 18
716 (87.33%): 5 6 13 15 16 20
717 (87.39%): 5 6 7 14 16 20
718 (87.48%): 5 7 8 9 10 16
719 (87.57%): 5 7 8 9 15 20
720 (87.67%): 5 7 8 10 11 17
721 (87.73%): 5 7 8 10 14 18
722 (87.84%): 5 7 8 16 17 18
723 (87.93%): 5 7 9 13 16 18
724 (88.01%): 5 7 9 12 14 15
725 (88.09%): 5 7 9 14 17 18
726 (88.18%): 5 7 9 10 11 20
727 (88.26%): 5 7 10 12 14 18
728 (88.32%): 5 7 10 12 16 20
729 (88.38%): 5 7 10 13 14 19
730 (88.44%): 5 7 10 13 17 20
731 (88.52%): 5 7 11 12 13 20
732 (88.59%): 5 7 12 13 15 16
733 (88.64%): 5 7 12 13 18 19
734 (88.7%): 5 7 11 12 14 19
735 (88.79%): 5 7 12 15 17 20
736 (88.84%): 5 7 11 12 16 17
737 (88.9%): 5 7 9 12 18 20
738 (88.94%): 5 7 13 17 18 19
739 (89.02%): 5 8 9 10 16 20
740 (89.09%): 5 8 9 11 16 18
741 (89.16%): 5 8 9 12 14 19
742 (89.24%): 5 8 9 10 12 15
743 (89.29%): 5 8 9 13 14 16
744 (89.34%): 5 8 9 15 16 17
745 (89.38%): 5 8 9 13 16 19
746 (89.45%): 5 8 10 11 13 15
747 (89.51%): 5 8 11 14 18 20
748 (89.56%): 5 8 12 14 17 18
749 (89.64%): 5 8 14 15 18 19
750 (89.7%): 5 8 15 16 18 20
751 (89.76%): 5 8 16 17 19 20
752 (89.8%): 5 8 14 16 18 19
753 (89.87%): 5 9 10 12 17 18
754 (89.92%): 5 9 10 12 17 19
755 (89.98%): 5 9 10 11 13 19
756 (90.04%): 5 9 10 14 19 20
757 (90.09%): 5 9 12 15 19 20
758 (90.15%): 5 9 13 16 17 20
759 (90.21%): 5 9 10 14 16 17
760 (90.26%): 5 9 13 14 16 18
761 (90.32%): 5 9 15 17 18 20
762 (90.37%): 5 10 11 12 15 17
763 (90.41%): 1 6 10 11 13 20
764 (90.45%): 5 10 12 15 18 19
765 (90.52%): 5 10 13 14 15 17
766 (90.56%): 5 10 16 17 18 20
767 (90.62%): 5 11 16 18 19 20
768 (90.67%): 5 11 12 14 16 18
769 (90.71%): 5 12 15 17 18 20
770 (90.79%): 6 7 8 10 15 18
771 (90.89%): 6 7 8 11 17 20
772 (90.95%): 6 7 8 17 18 20
773 (91.02%): 6 7 9 12 14 18
774 (91.1%): 6 7 10 11 12 15
775 (91.18%): 6 7 10 12 15 20
776 (91.24%): 6 7 10 11 13 14
777 (91.3%): 6 7 10 14 19 20
778 (91.36%): 6 7 10 11 18 20
779 (91.41%): 6 7 11 12 14 18
780 (91.46%): 6 7 11 12 15 20
781 (91.51%): 6 7 8 12 13 15
782 (91.56%): 6 7 12 13 17 19
783 (91.6%): 6 7 12 17 18 19
784 (91.65%): 6 7 12 17 19 20
785 (91.7%): 6 7 11 13 15 18
786 (91.73%): 6 7 13 17 18 20
787 (91.77%): 6 7 14 16 18 20
788 (91.85%): 6 8 9 10 13 18
789 (91.91%): 6 8 9 14 17 18
790 (91.98%): 6 8 10 15 17 19
791 (92.02%): 6 8 10 18 19 20
792 (92.1%): 6 8 13 14 19 20
793 (92.16%): 6 9 10 13 15 20
794 (92.23%): 6 9 10 15 16 17
795 (92.3%): 6 9 11 13 16 17
796 (92.37%): 6 9 11 17 19 20
797 (92.42%): 6 9 12 15 18 20
798 (92.47%): 6 9 13 14 17 19
799 (92.53%): 6 9 15 16 18 20
800 (92.58%): 6 9 12 16 18 19
801 (92.64%): 6 10 11 12 14 19
802 (92.7%): 6 8 10 11 15 17
803 (92.73%): 6 10 11 16 17 18
804 (92.79%): 6 10 13 14 15 19
805 (92.85%): 6 11 13 14 15 16
806 (92.89%): 6 11 14 16 17 19
807 (92.92%): 6 11 14 15 17 18
808 (92.97%): 6 12 13 14 19 20
809 (93.02%): 6 12 14 15 19 20
810 (93.05%): 6 13 14 15 18 19
811 (93.11%): 7 8 9 10 12 17
812 (93.16%): 7 8 9 10 11 18
813 (93.22%): 7 8 9 11 15 19
814 (93.3%): 7 8 10 11 16 20
815 (93.37%): 7 8 10 12 16 19
816 (93.42%): 7 8 10 14 17 18
817 (93.47%): 7 8 11 13 15 17
818 (93.55%): 7 8 12 14 16 20
819 (93.59%): 7 8 11 12 17 20
820 (93.64%): 7 8 9 14 16 19
821 (93.69%): 7 8 11 15 18 20
822 (93.75%): 7 9 10 11 14 15
823 (93.8%): 7 9 10 14 15 16
824 (93.86%): 7 9 10 14 15 18
825 (93.93%): 7 9 13 15 16 19
826 (93.98%): 7 10 12 18 19 20
827 (94.01%): 7 9 10 13 14 18
828 (94.06%): 7 10 13 16 17 19
829 (94.1%): 7 10 13 16 18 20
830 (94.15%): 7 10 14 15 16 20
831 (94.19%): 7 10 15 16 17 18
832 (94.25%): 7 11 12 13 15 19
833 (94.3%): 7 11 12 13 16 18
834 (94.36%): 7 11 16 17 18 19
835 (94.42%): 7 11 13 17 19 20
836 (94.47%): 7 9 12 13 16 20
837 (94.49%): 7 12 13 17 18 20
838 (94.53%): 7 14 15 16 19 20
839 (94.57%): 5 7 15 16 17 19
840 (94.63%): 8 9 10 13 15 19
841 (94.67%): 8 9 10 13 16 20
842 (94.71%): 8 9 11 12 13 19
843 (94.77%): 8 9 11 12 14 16
844 (94.81%): 8 9 12 14 15 17
845 (94.86%): 8 9 13 14 15 17
846 (94.9%): 8 9 13 14 15 18
847 (94.94%): 8 9 12 13 16 17
848 (94.99%): 8 9 13 17 18 20
849 (95.04%): 8 10 11 15 19 20
850 (95.08%): 8 10 13 14 15 20
851 (95.13%): 8 10 15 17 18 20
852 (95.2%): 8 11 12 14 15 18
853 (95.23%): 8 12 15 17 19 20
854 (95.29%): 8 12 13 15 16 18
855 (95.32%): 8 12 15 16 19 20
856 (95.37%): 9 10 11 12 15 16
857 (95.4%): 9 10 12 15 18 19
858 (95.43%): 9 10 12 15 17 20
859 (95.46%): 9 11 12 13 17 18
860 (95.49%): 9 11 12 15 16 18
861 (95.52%): 9 12 13 14 15 19
862 (95.55%): 9 12 14 15 17 20
863 (95.59%): 9 14 16 18 19 20
864 (95.62%): 9 11 15 16 17 20
865 (95.66%): 10 11 12 13 15 16
866 (95.72%): 10 11 12 14 16 20
867 (95.75%): 11 12 14 15 16 20
868 (95.79%): 2 3 4 5 8 9
869 (95.81%): 2 3 4 6 8 12
870 (95.85%): 2 4 5 6 17 18
871 (95.88%): 2 3 5 7 16 17
872 (95.91%): 2 3 5 16 18 19
873 (95.93%): 2 3 6 7 9 14
874 (95.96%): 2 4 6 11 15 17
875 (95.99%): 2 3 4 10 13 15
876 (96.02%): 2 3 6 14 17 18
877 (96.05%): 2 3 7 9 13 20
878 (96.08%): 2 4 7 9 12 19
879 (96.1%): 2 3 4 7 14 16
880 (96.13%): 2 3 8 10 18 20
881 (96.16%): 3 4 8 15 16 17
882 (96.17%): 2 3 8 15 16 18
883 (96.2%): 2 4 8 12 16 20
884 (96.22%): 2 3 9 10 13 19
885 (96.25%): 2 4 9 12 17 20
886 (96.27%): 2 4 10 11 12 20
887 (96.29%): 2 3 5 10 12 14
888 (96.32%): 2 3 10 14 17 20
889 (96.33%): 2 3 12 14 17 20
890 (96.37%): 2 3 6 8 9 16
891 (96.4%): 2 5 7 8 13 19
892 (96.42%): 2 3 5 7 10 18
893 (96.44%): 2 5 8 12 13 16
894 (96.46%): 2 5 8 16 17 20
895 (96.48%): 2 5 9 14 16 20
896 (96.51%): 2 5 9 10 13 17
897 (96.55%): 2 5 11 14 17 19
898 (96.57%): 2 3 5 14 15 20
899 (96.6%): 2 5 9 12 13 18
900 (96.62%): 2 5 7 12 15 17
901 (96.65%): 2 3 12 17 18 19
902 (96.68%): 2 6 7 10 16 20
903 (96.7%): 2 6 7 15 17 20
904 (96.73%): 3 6 8 10 12 13
905 (96.75%): 2 6 8 10 14 19
906 (96.78%): 2 6 8 15 17 20
907 (96.8%): 3 6 10 13 14 16
908 (96.84%): 2 6 11 12 13 17
909 (96.86%): 2 6 7 14 15 19
910 (96.88%): 2 3 6 17 19 20
911 (96.9%): 3 7 8 9 12 18
912 (96.92%): 2 7 8 12 13 14
913 (96.96%): 2 7 8 16 17 18
914 (96.99%): 3 7 9 10 16 18
915 (97.01%): 3 5 7 9 11 18
916 (97.02%): 2 7 9 15 19 20
917 (97.04%): 2 3 7 12 15 18
918 (97.05%): 2 4 8 9 12 15
919 (97.07%): 2 8 10 11 16 18
920 (97.1%): 2 8 11 12 18 20
921 (97.12%): 2 8 11 15 18 19
922 (97.14%): 2 9 11 13 14 16
923 (97.16%): 2 9 12 13 16 19
924 (97.18%): 2 9 12 14 17 19
925 (97.21%): 3 9 10 17 18 20
926 (97.24%): 2 10 12 13 15 20
927 (97.27%): 2 10 15 16 19 20
928 (97.29%): 2 11 13 16 17 20
929 (97.32%): 2 13 14 16 17 18
930 (97.35%): 2 12 13 14 17 19
931 (97.37%): 2 13 15 18 19 20
932 (97.39%): 2 12 14 16 17 19
933 (97.41%): 2 4 6 7 8 13
934 (97.44%): 4 5 6 10 17 20
935 (97.46%): 2 4 6 11 15 20
936 (97.48%): 2 4 5 7 11 15
937 (97.49%): 2 5 7 12 14 16
938 (97.51%): 2 4 5 11 16 18
939 (97.53%): 2 5 10 11 14 16
940 (97.55%): 4 5 11 12 17 19
941 (97.56%): 2 5 7 13 15 20
942 (97.58%): 2 4 12 15 16 19
943 (97.6%): 4 5 13 16 17 19
944 (97.62%): 4 6 7 10 15 17
945 (97.64%): 4 6 8 14 15 16
946 (97.66%): 2 6 8 16 17 19
947 (97.68%): 4 6 11 12 15 19
948 (97.7%): 2 6 10 12 13 18
949 (97.71%): 2 4 8 13 14 19
950 (97.74%): 4 6 9 16 18 20
951 (97.76%): 2 7 9 10 13 15
952 (97.77%): 4 7 9 13 15 16
953 (97.79%): 4 7 11 13 16 20
954 (97.81%): 2 7 11 13 17 18
955 (97.82%): 4 8 9 11 18 20
956 (97.84%): 4 9 11 15 17 19
957 (97.85%): 4 9 12 14 16 18
958 (97.87%): 4 10 11 13 17 18
959 (97.89%): 2 10 13 17 19 20
960 (97.92%): 4 13 15 17 18 19
961 (97.94%): 2 14 15 17 18 20
962 (97.96%): 2 8 14 16 18 20
963 (97.98%): 2 9 16 17 18 19
964 (97.99%): 2 5 7 8 11 15
965 (98.01%): 5 6 7 9 13 14
966 (98.02%): 2 5 6 7 13 18
967 (98.04%): 2 5 8 9 10 14
968 (98.06%): 5 6 8 9 11 17
969 (98.08%): 2 5 8 11 12 15
970 (98.09%): 2 6 8 13 16 18
971 (98.11%): 2 6 9 10 12 16
972 (98.12%): 2 5 6 12 18 19
973 (98.13%): 2 6 10 12 14 15
974 (98.15%): 5 6 10 11 14 18
975 (98.17%): 2 5 7 8 9 17
976 (98.19%): 5 7 10 11 13 16
977 (98.21%): 5 7 9 14 17 20
978 (98.22%): 5 9 11 15 16 19
979 (98.24%): 5 7 9 11 19 20
980 (98.26%): 5 10 12 16 18 20
981 (98.28%): 2 5 13 18 19 20
982 (98.3%): 5 11 12 13 14 20
983 (98.31%): 5 6 11 15 16 20
984 (98.33%): 5 12 14 15 18 20
985 (98.36%): 6 7 12 14 16 17
986 (98.37%): 2 6 12 17 18 20
987 (98.39%): 6 7 13 16 19 20
988 (98.41%): 6 8 9 11 18 20
989 (98.43%): 6 8 10 11 14 20
990 (98.45%): 6 8 10 13 16 20
991 (98.47%): 6 8 11 12 14 17
992 (98.48%): 6 9 11 15 18 20
993 (98.5%): 6 9 11 13 14 20
994 (98.51%): 6 9 13 14 17 20
995 (98.53%): 6 10 11 13 15 17
996 (98.54%): 6 11 12 15 16 20
997 (98.56%): 6 10 13 17 18 19
998 (98.57%): 2 7 14 15 16 20
999 (98.58%): 2 6 14 18 19 20
1000 (98.6%): 7 8 10 15 18 19
1001 (98.62%): 7 8 12 17 18 19
1002 (98.64%): 7 8 13 16 18 20
1003 (98.66%): 7 8 14 16 17 20
1004 (98.68%): 7 9 11 14 16 18
1005 (98.7%): 7 9 11 14 17 20
1006 (98.72%): 7 9 12 13 15 17
1007 (98.74%): 7 9 12 17 18 20
1008 (98.75%): 2 7 10 11 12 17
1009 (98.76%): 2 3 12 16 17 20
1010 (98.77%): 2 12 14 16 18 19
1011 (98.78%): 2 8 9 15 19 20
1012 (98.8%): 8 10 12 15 16 18
1013 (98.82%): 8 10 13 15 16 17
1014 (98.85%): 8 11 13 14 16 17
1015 (98.86%): 8 10 12 13 17 18
1016 (98.89%): 9 10 11 12 13 14
1017 (98.9%): 9 11 12 18 19 20
1018 (98.92%): 10 11 13 14 15 16
1019 (98.94%): 10 14 15 16 17 19
1020 (98.96%): 12 13 14 15 16 19
1021 (98.97%): 3 4 5 7 11 18
1022 (98.99%): 3 4 7 8 19 20
1023 (99.0%): 3 5 8 13 15 19
1024 (99.01%): 3 5 12 14 15 18
1025 (99.02%): 4 5 12 14 17 19
1026 (99.04%): 3 5 17 18 19 20
1027 (99.05%): 3 4 6 9 10 19
1028 (99.06%): 4 6 9 11 15 17
1029 (99.08%): 4 7 8 11 13 14
1030 (99.09%): 3 7 10 11 16 17
1031 (99.1%): 4 7 10 12 13 14
1032 (99.11%): 3 8 9 14 16 20
1033 (99.13%): 3 4 10 14 17 18
1034 (99.14%): 3 4 11 15 16 18
1035 (99.15%): 3 4 8 12 15 20
1036 (99.16%): 3 4 10 12 16 19
1037 (99.18%): 3 6 8 10 11 18
1038 (99.19%): 3 5 8 10 14 16
1039 (99.2%): 5 6 15 17 18 19
1040 (99.22%): 3 7 8 18 19 20
1041 (99.23%): 3 5 7 9 15 17
1042 (99.24%): 5 7 10 11 16 19
1043 (99.25%): 3 5 7 12 16 18
1044 (99.26%): 3 5 9 11 13 14
1045 (99.28%): 5 8 13 14 17 20
1046 (99.29%): 6 7 9 11 13 19
1047 (99.3%): 6 7 10 12 16 19
1048 (99.32%): 6 7 10 11 17 19
1049 (99.33%): 6 7 9 11 14 17
1050 (99.34%): 3 6 8 14 18 19
1051 (99.36%): 6 8 11 13 18 20
1052 (99.37%): 3 10 15 16 18 20
1053 (99.38%): 3 6 11 16 18 20
1054 (99.39%): 3 6 14 15 17 20
1055 (99.4%): 7 8 12 15 16 17
1056 (99.41%): 7 8 9 11 12 19
1057 (99.42%): 3 7 13 14 15 18
1058 (99.43%): 7 10 12 13 16 20
1059 (99.44%): 7 11 13 14 17 19
1060 (99.45%): 7 11 13 18 19 20
1061 (99.46%): 3 8 9 10 14 18
1062 (99.48%): 8 11 12 13 19 20
1063 (99.49%): 8 10 11 12 14 19
1064 (99.5%): 3 9 12 14 18 20
1065 (99.51%): 9 12 15 16 17 18
1066 (99.54%): 10 11 12 17 18 19
1067 (99.55%): 10 13 14 17 19 20
1068 (99.56%): 3 12 14 15 18 19
1069 (99.58%): 12 13 15 17 19 20
1070 (99.59%): 11 14 16 17 18 19
1071 (99.6%): 10 15 16 17 19 20
1072 (99.61%): 4 5 7 11 16 20
1073 (99.62%): 4 5 7 13 15 18
1074 (99.64%): 4 5 8 9 14 19
1075 (99.65%): 5 6 9 12 13 16
1076 (99.66%): 4 6 8 10 11 19
1077 (99.66%): 4 5 6 11 12 20
1078 (99.67%): 4 6 7 8 9 18
1079 (99.68%): 4 5 7 9 14 15
1080 (99.7%): 4 5 8 15 17 18
1081 (99.7%): 4 5 9 10 11 15
1082 (99.71%): 6 7 8 11 14 16
1083 (99.72%): 4 6 9 11 14 17
1084 (99.73%): 4 8 11 13 16 18
1085 (99.74%): 4 6 8 15 18 19
1086 (99.75%): 4 6 9 12 13 17
1087 (99.75%): 4 6 10 11 12 20
1088 (99.76%): 4 10 15 16 18 19
1089 (99.77%): 6 12 14 16 17 18
1090 (99.78%): 6 9 16 17 19 20
1091 (99.79%): 4 7 8 12 13 18
1092 (99.79%): 4 7 9 10 17 18
1093 (99.8%): 4 7 12 14 15 17
1094 (99.81%): 4 7 9 14 15 20
1095 (99.82%): 7 10 13 15 19 20
1096 (99.83%): 8 9 10 11 14 17
1097 (99.84%): 10 11 13 14 18 20
1098 (99.86%): 11 13 15 16 17 18
1099 (99.86%): 4 12 15 16 18 20
1100 (99.87%): 5 6 7 8 15 20
1101 (99.87%): 5 6 8 10 12 13
1102 (99.88%): 5 6 9 12 16 17
1103 (99.88%): 5 7 8 9 12 18
1104 (99.89%): 5 11 13 14 15 17
1105 (99.9%): 5 7 15 16 18 19
1106 (99.9%): 5 8 10 11 12 20
1107 (99.91%): 8 11 15 17 18 20
1108 (99.92%): 9 13 15 17 18 19
1109 (99.93%): 5 12 14 17 19 20
1110 (99.94%): 6 8 9 16 17 19
1111 (99.95%): 6 10 13 14 16 18
1112 (99.95%): 6 11 14 15 18 19
1113 (99.96%): 6 9 10 12 19 20
1114 (99.97%): 6 10 12 14 16 17
1115 (99.97%): 7 9 10 14 19 20
1116 (99.98%): 7 11 12 15 17 19
1117 (99.98%): 8 9 11 15 19 20
1118 (99.99%): 8 12 13 14 18 19
1119 (99.99%): 8 14 15 16 17 20
1120 (99.99%): 9 10 13 15 16 20
1121 (100.0%): 10 12 16 17 18 20
*****
Total number of lines: 1121
Time taken: 174.93079495429993