Unimatrix Zero
Version: 1.2

Range: 12
Line length: 6
Picked: 7
Cover: 5

*****
1 (12.12%): 1 2 3 4 5 12
2 (24.24%): 1 2 6 7 8 11
3 (36.36%): 3 4 6 7 9 10
4 (45.08%): 1 2 3 8 9 10
5 (53.79%): 1 4 6 9 11 12
6 (61.49%): 2 3 5 6 10 11
7 (68.18%): 2 4 5 7 9 11
8 (73.99%): 3 4 7 10 11 12
9 (79.92%): 1 5 6 7 9 12
10 (84.6%): 2 6 7 8 10 12
11 (88.13%): 3 7 8 9 11 12
12 (92.55%): 1 4 5 6 8 10
13 (94.7%): 2 4 5 8 9 12
14 (96.21%): 1 5 7 9 10 12
15 (97.47%): 1 4 5 8 10 11
16 (98.86%): 3 4 5 6 7 8
17 (99.75%): 3 6 8 9 11 12
18 (100.0%): 2 6 8 9 10 11
*****
Total number of lines: 18
Time taken: 4.535960912704468