Unimatrix Zero
Version: 1.2

Range: 20
Line length: 5
Picked: 5
Cover: 4

*****
1 (0.49%): 1 2 3 4 20
2 (0.98%): 1 2 5 6 19
3 (1.47%): 1 3 5 7 18
4 (1.96%): 2 3 5 8 17
5 (2.43%): 1 2 3 9 16
6 (2.89%): 1 2 5 10 15
7 (3.35%): 1 3 5 11 14
8 (3.82%): 2 3 5 12 13
9 (4.31%): 2 3 6 7 15
10 (4.8%): 1 3 6 8 13
11 (5.26%): 1 3 6 10 17
12 (5.73%): 1 2 6 11 18
13 (6.17%): 1 2 6 12 14
14 (6.63%): 1 2 7 8 20
15 (7.09%): 2 3 7 10 19
16 (7.54%): 1 3 7 11 12
17 (8.0%): 1 2 7 13 17
18 (8.42%): 2 3 7 14 18
19 (8.86%): 2 3 8 10 11
20 (9.29%): 1 3 8 12 19
21 (9.71%): 1 2 4 8 14
22 (10.13%): 1 3 8 15 18
23 (10.55%): 1 2 10 12 18
24 (10.96%): 1 3 10 13 20
25 (11.36%): 2 3 10 14 16
26 (11.78%): 1 2 11 13 19
27 (12.2%): 2 3 11 15 17
28 (12.59%): 1 2 12 15 16
29 (12.98%): 2 3 12 17 20
30 (13.38%): 1 3 13 14 15
31 (13.79%): 2 3 9 13 18
32 (14.18%): 1 2 9 14 17
33 (14.56%): 2 3 4 14 19
34 (14.95%): 1 3 9 15 19
35 (15.34%): 1 3 16 17 18
36 (15.68%): 1 3 4 17 19
37 (16.03%): 2 3 18 19 20
38 (16.52%): 2 4 5 7 16
39 (17.01%): 1 4 5 9 13
40 (17.45%): 2 4 5 11 20
41 (17.89%): 1 4 5 12 17
42 (18.3%): 2 4 5 15 18
43 (18.77%): 1 4 6 7 16
44 (19.26%): 2 4 6 9 10
45 (19.7%): 2 4 6 13 17
46 (20.14%): 1 4 6 15 20
47 (20.58%): 2 4 7 9 12
48 (21.01%): 1 4 7 10 14
49 (21.41%): 1 4 7 11 15
50 (21.77%): 1 4 7 18 19
51 (22.18%): 1 4 8 9 11
52 (22.55%): 2 4 8 9 15
53 (22.91%): 1 4 9 18 20
54 (23.25%): 2 4 9 16 19
55 (23.66%): 1 4 10 11 16
56 (24.04%): 2 4 10 13 15
57 (24.42%): 2 4 10 17 18
58 (24.75%): 1 4 8 10 19
59 (25.12%): 2 4 11 12 19
60 (25.42%): 2 4 11 16 17
61 (25.79%): 1 4 12 13 18
62 (26.12%): 1 2 13 16 20
63 (26.42%): 1 4 14 15 17
64 (26.69%): 2 4 15 19 20
65 (27.03%): 2 4 8 16 18
66 (27.45%): 2 5 7 9 11
67 (27.84%): 1 5 7 12 20
68 (28.21%): 1 5 7 8 14
69 (28.6%): 1 5 8 9 16
70 (28.95%): 2 5 8 11 12
71 (29.33%): 2 5 8 13 19
72 (29.68%): 1 5 8 18 20
73 (30.03%): 2 5 9 12 14
74 (30.37%): 1 5 9 10 18
75 (30.73%): 2 5 6 9 20
76 (31.1%): 1 5 11 16 19
77 (31.46%): 1 5 11 13 17
78 (31.81%): 2 5 13 14 18
79 (32.15%): 1 5 14 16 20
80 (32.5%): 2 5 10 16 17
81 (32.8%): 2 5 6 16 18
82 (33.1%): 2 5 17 18 19
83 (33.4%): 1 5 15 17 20
84 (33.8%): 1 6 7 9 19
85 (34.17%): 2 6 7 10 20
86 (34.53%): 2 6 8 9 14
87 (34.89%): 1 6 8 10 12
88 (35.24%): 2 6 8 15 19
89 (35.6%): 1 6 8 16 17
90 (35.95%): 1 6 9 13 15
91 (36.28%): 1 6 10 13 14
92 (36.57%): 2 6 10 12 16
93 (36.89%): 2 6 14 15 17
94 (37.24%): 1 6 11 17 20
95 (37.58%): 1 7 9 10 17
96 (37.91%): 2 7 9 15 18
97 (38.25%): 2 7 10 11 14
98 (38.59%): 1 7 10 15 16
99 (38.93%): 2 7 11 13 16
100 (39.27%): 2 7 12 17 19
101 (39.59%): 2 7 14 15 20
102 (39.92%): 1 7 14 16 19
103 (40.19%): 1 7 13 15 19
104 (40.45%): 1 7 13 16 18
105 (40.8%): 2 8 9 10 20
106 (41.12%): 1 8 9 12 13
107 (41.39%): 1 8 9 14 18
108 (41.66%): 2 8 9 17 19
109 (41.94%): 2 8 10 13 18
110 (42.16%): 1 8 10 16 20
111 (42.42%): 1 8 10 11 17
112 (42.71%): 1 8 11 14 15
113 (43.0%): 2 8 11 16 20
114 (43.29%): 2 8 12 17 18
115 (43.58%): 2 8 13 15 16
116 (43.8%): 1 8 12 15 17
117 (44.05%): 2 8 14 16 19
118 (44.28%): 1 8 11 18 19
119 (44.58%): 1 9 10 11 12
120 (44.86%): 2 9 10 13 19
121 (45.14%): 1 9 11 15 20
122 (45.45%): 1 9 12 19 20
123 (45.68%): 2 9 11 18 19
124 (45.93%): 1 10 11 19 20
125 (46.21%): 1 10 14 18 19
126 (46.48%): 2 10 12 14 20
127 (46.71%): 1 10 12 16 19
128 (46.93%): 2 10 15 17 19
129 (47.14%): 1 10 13 17 20
130 (47.38%): 1 11 12 14 17
131 (47.67%): 2 11 12 13 20
132 (47.92%): 2 11 14 16 18
133 (48.14%): 1 11 14 18 20
134 (48.39%): 2 13 15 18 20
135 (48.63%): 1 12 14 15 18
136 (48.86%): 2 5 14 15 19
137 (49.12%): 1 13 14 19 20
138 (49.35%): 1 6 15 17 18
139 (49.56%): 1 15 16 18 19
140 (49.79%): 2 16 17 19 20
141 (50.01%): 2 7 17 18 20
142 (50.45%): 3 4 5 6 14
143 (50.84%): 3 4 5 8 10
144 (51.23%): 3 4 5 15 16
145 (51.65%): 3 4 6 9 12
146 (52.06%): 3 4 6 11 18
147 (52.5%): 3 4 7 8 13
148 (52.88%): 3 4 7 9 20
149 (53.22%): 3 4 8 12 16
150 (53.53%): 3 4 9 10 17
151 (53.84%): 3 4 9 11 14
152 (54.2%): 3 4 10 12 15
153 (54.47%): 3 4 10 18 20
154 (54.8%): 3 4 11 13 19
155 (55.06%): 3 4 12 14 20
156 (55.34%): 3 4 13 16 17
157 (55.55%): 3 4 14 16 18
158 (55.91%): 3 5 6 9 19
159 (56.25%): 3 5 6 12 15
160 (56.59%): 3 5 6 16 20
161 (56.89%): 3 5 9 12 18
162 (57.2%): 3 5 7 9 17
163 (57.47%): 3 5 9 15 20
164 (57.76%): 3 5 10 12 19
165 (58.04%): 3 5 10 13 16
166 (58.28%): 3 5 11 12 16
167 (58.54%): 3 5 13 18 19
168 (58.81%): 3 5 7 19 20
169 (59.15%): 3 6 7 14 17
170 (59.44%): 3 6 7 13 20
171 (59.78%): 3 6 9 11 16
172 (60.04%): 3 6 9 14 20
173 (60.29%): 3 6 8 9 18
174 (60.6%): 3 6 10 11 15
175 (60.88%): 3 6 11 14 19
176 (61.16%): 3 6 12 16 19
177 (61.42%): 3 6 12 13 18
178 (61.66%): 3 6 8 12 20
179 (61.86%): 3 6 14 15 16
180 (62.05%): 3 6 10 14 18
181 (62.25%): 3 6 17 18 19
182 (62.44%): 1 6 12 18 20
183 (62.62%): 3 6 8 19 20
184 (62.93%): 3 7 8 9 16
185 (63.2%): 3 7 8 10 17
186 (63.45%): 3 7 9 13 14
187 (63.67%): 3 7 8 14 20
188 (63.92%): 3 7 13 15 17
189 (64.16%): 3 7 15 16 20
190 (64.36%): 3 7 11 17 20
191 (64.58%): 3 8 9 10 15
192 (64.8%): 3 8 9 11 17
193 (64.97%): 3 8 9 13 20
194 (65.17%): 3 8 10 14 17
195 (65.38%): 3 8 11 16 18
196 (65.56%): 3 8 11 15 20
197 (65.74%): 3 8 12 14 16
198 (65.91%): 1 4 8 17 20
199 (66.09%): 3 9 10 14 19
200 (66.28%): 1 9 11 13 16
201 (66.46%): 3 9 11 15 18
202 (66.63%): 3 9 12 14 17
203 (66.8%): 1 9 13 17 19
204 (66.96%): 3 9 16 17 20
205 (67.18%): 3 10 11 13 18
206 (67.34%): 3 7 10 12 14
207 (67.52%): 3 11 15 16 19
208 (67.67%): 3 11 12 16 20
209 (67.86%): 3 12 13 16 19
210 (68.02%): 3 11 12 13 17
211 (68.18%): 3 12 15 19 20
212 (68.38%): 3 5 14 17 20
213 (68.5%): 3 16 18 19 20
214 (68.85%): 4 5 6 8 11
215 (69.18%): 4 5 6 10 19
216 (69.45%): 4 5 6 7 18
217 (69.73%): 4 5 8 15 19
218 (70.03%): 4 5 10 13 20
219 (70.31%): 4 5 11 17 18
220 (70.56%): 4 5 12 14 18
221 (70.82%): 4 5 14 17 19
222 (71.02%): 4 5 9 16 18
223 (71.22%): 4 5 12 19 20
224 (71.5%): 4 6 8 14 18
225 (71.75%): 4 6 9 14 16
226 (72.02%): 4 6 9 15 17
227 (72.23%): 4 6 10 16 18
228 (72.53%): 4 6 7 11 12
229 (72.79%): 4 6 11 13 14
230 (73.0%): 4 6 11 19 20
231 (73.25%): 4 6 12 13 19
232 (73.43%): 4 6 7 14 19
233 (73.7%): 4 7 8 12 15
234 (73.97%): 4 7 13 16 20
235 (74.21%): 4 8 13 14 15
236 (74.41%): 4 8 13 16 19
237 (74.61%): 4 8 15 16 17
238 (74.86%): 4 9 10 14 15
239 (75.05%): 4 9 12 14 16
240 (75.28%): 4 9 12 13 15
241 (75.47%): 4 9 14 18 19
242 (75.61%): 4 9 11 15 16
243 (75.77%): 4 9 12 16 17
244 (76.02%): 4 10 12 17 20
245 (76.23%): 4 10 11 15 18
246 (76.41%): 4 8 11 12 20
247 (76.57%): 4 11 13 18 20
248 (76.74%): 4 7 11 14 19
249 (76.87%): 4 12 14 15 19
250 (77.03%): 4 12 16 18 20
251 (77.2%): 4 13 14 16 17
252 (77.33%): 4 5 13 15 16
253 (77.48%): 4 10 16 19 20
254 (77.81%): 5 6 7 10 13
255 (78.1%): 5 6 7 11 15
256 (78.37%): 5 6 7 8 17
257 (78.61%): 5 6 8 13 15
258 (78.86%): 5 6 9 10 11
259 (79.1%): 5 6 9 12 17
260 (79.26%): 5 6 9 11 14
261 (79.46%): 5 6 10 14 16
262 (79.67%): 5 6 10 18 20
263 (79.86%): 5 6 11 12 13
264 (80.02%): 5 6 12 15 16
265 (80.21%): 5 6 13 16 17
266 (80.33%): 5 6 13 18 19
267 (80.46%): 5 6 13 14 20
268 (80.59%): 5 6 14 15 18
269 (80.71%): 5 6 12 14 17
270 (80.95%): 5 7 9 15 19
271 (81.22%): 5 7 8 10 11
272 (81.41%): 5 7 10 18 19
273 (81.64%): 5 7 14 16 17
274 (81.8%): 5 7 13 17 19
275 (82.02%): 5 8 10 12 13
276 (82.22%): 5 8 11 17 19
277 (82.39%): 5 9 12 15 17
278 (82.55%): 5 9 13 14 15
279 (82.72%): 5 9 14 19 20
280 (82.89%): 5 10 11 12 14
281 (83.04%): 5 10 13 15 19
282 (83.2%): 5 10 14 15 17
283 (83.31%): 5 10 16 17 19
284 (83.51%): 5 11 12 15 18
285 (83.67%): 5 7 12 13 14
286 (83.8%): 5 12 13 15 20
287 (83.93%): 5 12 13 16 18
288 (84.03%): 5 8 12 13 19
289 (84.13%): 5 12 14 18 19
290 (84.24%): 1 6 12 15 19
291 (84.37%): 5 13 15 17 18
292 (84.49%): 5 8 14 17 18
293 (84.77%): 6 7 8 11 18
294 (84.96%): 6 7 8 10 15
295 (85.15%): 6 7 10 11 17
296 (85.32%): 6 7 9 10 18
297 (85.48%): 6 7 9 11 13
298 (85.62%): 6 7 11 14 16
299 (85.78%): 6 7 12 13 18
300 (85.95%): 6 7 12 16 17
301 (86.07%): 6 7 12 14 15
302 (86.18%): 6 7 14 18 20
303 (86.39%): 6 8 9 16 20
304 (86.56%): 6 8 13 14 19
305 (86.71%): 6 8 14 17 20
306 (86.89%): 6 9 10 13 16
307 (87.05%): 6 9 10 15 20
308 (87.19%): 6 9 12 16 18
309 (87.32%): 6 11 12 15 16
310 (87.43%): 6 12 13 16 20
311 (87.56%): 6 10 12 13 17
312 (87.69%): 6 13 15 16 19
313 (87.8%): 6 14 16 17 18
314 (87.93%): 6 14 17 19 20
315 (88.02%): 6 11 16 19 20
316 (88.2%): 7 8 9 15 19
317 (88.38%): 7 8 10 13 20
318 (88.59%): 7 8 10 12 18
319 (88.77%): 7 8 11 13 17
320 (88.93%): 7 8 11 16 19
321 (89.08%): 7 8 9 12 16
322 (89.25%): 7 8 17 18 19
323 (89.43%): 7 9 11 14 20
324 (89.61%): 7 9 11 17 18
325 (89.71%): 7 9 12 14 20
326 (89.84%): 7 9 10 12 15
327 (89.96%): 7 9 12 18 19
328 (90.13%): 7 9 13 17 20
329 (90.25%): 7 9 14 15 16
330 (90.41%): 7 9 10 16 20
331 (90.54%): 7 10 11 13 19
332 (90.67%): 7 10 11 16 18
333 (90.76%): 7 10 12 13 15
334 (90.92%): 7 10 15 18 20
335 (91.05%): 7 11 13 14 18
336 (91.14%): 7 11 13 19 20
337 (91.24%): 7 11 15 16 17
338 (91.31%): 5 7 11 16 20
339 (91.42%): 7 11 15 17 19
340 (91.54%): 4 7 12 17 18
341 (91.62%): 7 14 17 18 20
342 (91.7%): 7 15 16 17 20
343 (91.78%): 7 12 17 19 20
344 (91.91%): 8 10 11 13 15
345 (92.03%): 8 11 12 14 16
346 (92.16%): 8 11 13 14 20
347 (92.31%): 8 12 14 15 20
348 (92.43%): 8 12 15 16 18
349 (92.56%): 8 13 14 16 18
350 (92.69%): 8 9 13 14 17
351 (92.82%): 8 13 15 17 20
352 (92.95%): 8 9 13 17 18
353 (93.06%): 8 10 14 17 19
354 (93.2%): 8 15 18 19 20
355 (93.34%): 9 10 14 16 18
356 (93.45%): 9 10 11 14 20
357 (93.6%): 9 11 12 14 19
358 (93.72%): 9 12 17 18 20
359 (93.85%): 9 15 16 17 19
360 (93.94%): 10 11 12 15 20
361 (94.07%): 10 13 15 18 19
362 (94.2%): 10 14 15 16 20
363 (94.3%): 10 11 14 16 17
364 (94.39%): 2 11 12 13 15
365 (94.49%): 11 12 16 18 19
366 (94.58%): 11 13 15 17 18
367 (94.69%): 12 13 14 16 17
368 (94.78%): 5 12 16 17 20
369 (94.89%): 10 12 17 18 19
370 (94.98%): 13 14 17 18 20
371 (95.04%): 10 13 15 16 17
372 (95.1%): 4 17 18 19 20
373 (95.16%): 2 3 5 9 11
374 (95.25%): 2 4 6 8 20
375 (95.32%): 2 3 6 7 16
376 (95.38%): 2 4 7 11 13
377 (95.45%): 2 4 7 9 17
378 (95.53%): 2 3 12 15 18
379 (95.59%): 2 3 6 10 13
380 (95.64%): 2 3 10 15 18
381 (95.7%): 2 5 8 10 20
382 (95.76%): 3 5 8 16 19
383 (95.86%): 2 6 9 11 17
384 (95.92%): 2 6 11 12 19
385 (95.98%): 2 6 11 15 20
386 (96.05%): 2 5 7 8 12
387 (96.11%): 2 8 9 10 12
388 (96.18%): 2 3 13 14 19
389 (96.24%): 3 8 14 15 18
390 (96.28%): 2 9 12 16 19
391 (96.36%): 2 9 14 15 20
392 (96.41%): 2 3 11 14 17
393 (96.46%): 2 4 6 12 13
394 (96.54%): 4 5 7 10 12
395 (96.59%): 4 5 8 10 14
396 (96.64%): 4 6 15 16 18
397 (96.7%): 2 6 13 18 19
398 (96.79%): 4 7 8 9 10
399 (96.85%): 4 7 8 12 19
400 (96.91%): 2 4 9 14 20
401 (96.98%): 4 11 14 15 20
402 (97.03%): 4 8 12 14 17
403 (97.06%): 2 4 7 15 17
404 (97.1%): 2 5 14 15 16
405 (97.13%): 2 5 6 7 13
406 (97.23%): 5 8 9 18 20
407 (97.3%): 5 9 13 16 20
408 (97.36%): 2 9 11 13 17
409 (97.4%): 2 5 10 11 20
410 (97.44%): 2 7 12 18 20
411 (97.47%): 5 9 13 17 20
412 (97.54%): 6 8 10 17 19
413 (97.59%): 6 8 9 11 13
414 (97.64%): 6 9 12 15 19
415 (97.68%): 2 9 15 16 18
416 (97.74%): 6 10 12 14 19
417 (97.77%): 2 13 14 16 19
418 (97.8%): 4 6 14 16 20
419 (97.84%): 2 7 8 13 16
420 (97.88%): 5 7 8 11 15
421 (97.91%): 2 7 8 14 16
422 (97.94%): 2 7 9 16 19
423 (97.97%): 8 10 14 15 19
424 (98.01%): 8 10 11 15 18
425 (98.05%): 2 10 12 13 14
426 (98.08%): 8 12 18 19 20
427 (98.12%): 8 14 17 18 20
428 (98.18%): 9 10 11 15 16
429 (98.21%): 2 10 11 17 19
430 (98.27%): 8 10 16 18 19
431 (98.32%): 10 11 16 18 20
432 (98.35%): 2 11 13 14 19
433 (98.38%): 11 13 16 17 18
434 (98.43%): 3 4 5 7 15
435 (98.47%): 3 4 7 10 19
436 (98.53%): 3 4 6 15 17
437 (98.56%): 3 4 7 16 19
438 (98.61%): 4 8 9 11 19
439 (98.63%): 3 4 8 17 19
440 (98.69%): 4 10 13 14 17
441 (98.72%): 4 9 12 18 19
442 (98.77%): 4 7 13 15 18
443 (98.8%): 3 13 15 16 20
444 (98.85%): 3 14 15 18 19
445 (98.88%): 3 5 11 13 17
446 (98.92%): 3 5 7 9 14
447 (98.94%): 3 5 8 13 18
448 (98.97%): 3 5 10 17 20
449 (99.0%): 5 9 11 18 20
450 (99.05%): 3 13 15 17 19
451 (99.08%): 3 8 10 12 16
452 (99.1%): 3 6 9 13 20
453 (99.14%): 6 15 18 19 20
454 (99.17%): 3 7 9 11 19
455 (99.19%): 3 11 14 15 16
456 (99.23%): 7 12 16 18 19
457 (99.25%): 3 8 10 12 13
458 (99.29%): 9 10 12 18 20
459 (99.31%): 3 9 12 15 16
460 (99.34%): 11 12 13 14 18
461 (99.36%): 12 14 16 17 19
462 (99.38%): 3 9 15 17 18
463 (99.42%): 4 5 8 17 20
464 (99.45%): 4 7 10 14 20
465 (99.47%): 4 8 9 11 12
466 (99.5%): 4 5 11 13 16
467 (99.52%): 4 6 7 16 17
468 (99.55%): 6 8 10 13 20
469 (99.59%): 4 9 13 18 19
470 (99.61%): 5 7 8 18 20
471 (99.63%): 8 10 15 16 20
472 (99.64%): 4 8 14 19 20
473 (99.66%): 4 10 11 13 16
474 (99.68%): 4 9 11 15 17
475 (99.71%): 5 6 7 16 19
476 (99.74%): 6 8 11 12 18
477 (99.75%): 5 6 15 19 20
478 (99.77%): 5 7 8 9 10
479 (99.79%): 5 7 9 13 19
480 (99.8%): 5 7 11 12 20
481 (99.82%): 5 7 15 16 18
482 (99.84%): 5 9 10 16 17
483 (99.86%): 6 8 10 11 19
484 (99.88%): 6 8 11 15 19
485 (99.9%): 6 9 10 13 14
486 (99.92%): 6 11 12 17 20
487 (99.92%): 6 10 12 15 20
488 (99.94%): 6 10 17 19 20
489 (99.95%): 9 11 13 17 19
490 (99.97%): 7 8 14 17 19
491 (99.98%): 7 10 13 14 18
492 (99.99%): 9 12 13 19 20
493 (100.0%): 11 14 17 18 20
*****
Total number of lines: 493
Time taken: 83.85918498039246