Unimatrix Zero
Version: 1.2

Range: 10
Line length: 6
Picked: 5
Cover: 5

*****
1 (2.38%): 1 2 3 4 5 10
2 (4.76%): 1 2 3 4 6 9
3 (7.14%): 1 2 3 4 7 8
4 (9.52%): 1 2 3 5 6 8
5 (11.9%): 1 2 3 5 7 9
6 (14.29%): 1 2 3 6 7 10
7 (16.67%): 1 2 3 8 9 10
8 (19.05%): 1 2 4 5 6 7
9 (21.43%): 1 2 4 5 8 9
10 (23.81%): 1 2 4 6 8 10
11 (26.19%): 1 2 4 7 9 10
12 (28.57%): 1 2 5 6 9 10
13 (30.95%): 1 2 5 7 8 10
14 (33.33%): 1 2 6 7 8 9
15 (35.32%): 1 3 4 5 6 10
16 (37.3%): 1 3 4 5 7 10
17 (39.29%): 1 3 4 5 8 10
18 (41.27%): 1 3 4 5 9 10
19 (43.25%): 1 3 4 6 7 9
20 (45.24%): 1 3 4 6 8 9
21 (47.22%): 1 3 5 6 7 8
22 (48.81%): 1 3 5 6 8 9
23 (50.4%): 1 3 6 8 9 10
24 (52.38%): 1 3 7 8 9 10
25 (53.97%): 1 4 5 6 7 8
26 (55.56%): 1 4 5 6 7 9
27 (57.14%): 1 4 6 7 9 10
28 (58.73%): 1 4 7 8 9 10
29 (60.32%): 1 5 6 7 8 10
30 (61.9%): 1 5 7 8 9 10
31 (63.89%): 2 3 4 5 6 9
32 (65.87%): 2 3 4 5 7 8
33 (67.86%): 2 3 4 6 7 10
34 (69.44%): 2 3 4 6 8 10
35 (71.43%): 2 3 4 7 8 9
36 (73.02%): 2 3 4 6 9 10
37 (75.0%): 2 3 5 6 7 10
38 (76.98%): 2 3 5 8 9 10
39 (78.57%): 2 3 6 7 8 10
40 (80.16%): 2 3 6 7 9 10
41 (80.95%): 2 3 6 8 9 10
42 (82.94%): 2 4 5 6 8 10
43 (84.92%): 2 4 5 7 9 10
44 (86.51%): 2 4 6 7 8 9
45 (87.7%): 2 4 7 8 9 10
46 (89.68%): 2 5 6 7 8 9
47 (90.87%): 3 4 5 6 7 9
48 (92.06%): 3 4 5 6 8 9
49 (93.25%): 3 4 6 7 8 10
50 (94.05%): 3 4 7 8 9 10
51 (95.24%): 3 5 6 8 9 10
52 (96.43%): 3 5 7 8 9 10
53 (97.22%): 3 6 7 8 9 10
54 (98.41%): 4 5 6 7 9 10
55 (99.6%): 4 5 7 8 9 10
56 (100.0%): 4 6 7 8 9 10
*****
Total number of lines: 56
Time taken: 0.12733697891235352