Unimatrix Zero
Version: 1.2

Range: 13
Line length: 6
Picked: 6
Cover: 5

*****
1 (2.51%): 1 2 3 4 5 13
2 (5.01%): 1 2 3 6 7 12
3 (7.52%): 1 2 4 6 8 11
4 (10.02%): 1 3 4 6 9 10
5 (12.53%): 2 3 4 7 8 10
6 (14.8%): 1 2 3 7 9 11
7 (17.07%): 1 2 4 8 9 12
8 (19.35%): 1 3 4 10 11 12
9 (21.85%): 2 3 5 6 8 9
10 (24.13%): 1 2 5 6 10 13
11 (26.22%): 1 3 5 6 11 13
12 (28.5%): 1 3 5 7 8 12
13 (30.54%): 1 2 5 7 10 11
14 (32.4%): 1 2 3 8 10 13
15 (34.44%): 2 3 5 8 11 12
16 (36.54%): 2 3 5 9 10 12
17 (38.4%): 1 2 6 7 9 13
18 (40.27%): 2 3 6 10 11 13
19 (42.13%): 1 2 9 11 12 13
20 (44.41%): 2 4 5 6 7 12
21 (46.21%): 1 4 5 6 9 12
22 (48.25%): 1 4 5 7 8 13
23 (50.12%): 2 4 5 7 9 11
24 (51.81%): 1 4 5 8 9 10
25 (53.44%): 2 4 5 10 12 13
26 (54.55%): 1 4 5 7 11 12
27 (56.18%): 1 4 6 7 10 13
28 (57.63%): 1 2 6 8 10 12
29 (59.15%): 2 4 6 8 12 13
30 (60.49%): 2 4 7 9 10 13
31 (61.6%): 1 4 7 9 10 12
32 (62.88%): 1 4 7 8 11 13
33 (64.1%): 2 3 4 7 12 13
34 (65.5%): 2 4 6 9 10 11
35 (66.43%): 2 4 8 10 11 13
36 (67.66%): 1 5 6 7 8 9
37 (68.71%): 1 5 6 9 11 12
38 (69.87%): 1 5 7 9 12 13
39 (71.27%): 2 5 8 9 11 13
40 (72.26%): 1 5 8 10 12 13
41 (73.54%): 1 7 8 9 10 11
42 (74.88%): 2 6 7 8 11 12
43 (75.87%): 2 7 8 10 12 13
44 (77.56%): 3 4 5 6 7 11
45 (78.9%): 3 4 5 6 8 10
46 (80.13%): 3 4 5 7 9 13
47 (80.89%): 1 3 5 7 10 13
48 (81.99%): 3 4 5 8 9 11
49 (83.1%): 3 4 6 7 8 9
50 (84.32%): 1 3 6 8 12 13
51 (85.55%): 3 4 8 9 12 13
52 (86.54%): 3 4 9 11 12 13
53 (87.7%): 3 5 6 7 10 12
54 (88.34%): 1 3 8 9 10 13
55 (89.16%): 3 5 6 8 10 11
56 (89.86%): 3 5 9 10 11 13
57 (90.5%): 3 6 7 8 9 10
58 (91.43%): 3 6 7 8 11 13
59 (92.07%): 3 6 7 10 11 12
60 (92.66%): 3 6 8 9 11 12
61 (93.18%): 3 7 10 11 12 13
62 (93.94%): 4 5 6 10 11 13
63 (94.52%): 1 4 6 9 11 13
64 (95.1%): 4 6 7 8 11 12
65 (95.75%): 6 7 9 11 12 13
66 (96.21%): 6 8 9 10 11 13
67 (96.79%): 5 6 9 10 12 13
68 (97.03%): 5 6 10 11 12 13
69 (97.26%): 2 3 4 10 11 12
70 (97.61%): 2 3 4 6 12 13
71 (98.02%): 2 5 6 7 8 13
72 (98.25%): 2 5 7 8 11 13
73 (98.66%): 2 7 8 9 10 12
74 (98.78%): 2 3 7 8 9 11
75 (98.95%): 2 4 5 6 9 10
76 (99.01%): 2 4 6 7 11 13
77 (99.3%): 4 5 7 9 10 11
78 (99.59%): 5 7 8 9 11 12
79 (99.71%): 4 5 6 8 9 12
80 (99.94%): 4 5 8 10 11 12
81 (100.0%): 5 7 8 9 10 13
*****
Total number of lines: 81
Time taken: 3.208839178085327