Unimatrix Zero
Version: 1.2

Range: 12
Line length: 6
Picked: 5
Cover: 4

*****
1 (12.12%): 1 2 3 4 11 12
2 (24.24%): 1 2 5 6 9 10
3 (35.23%): 1 3 5 7 8 12
4 (45.08%): 2 3 6 7 10 11
5 (54.04%): 2 3 4 6 8 9
6 (60.73%): 1 2 7 8 9 11
7 (66.79%): 1 3 4 5 8 10
8 (73.74%): 2 4 5 7 9 12
9 (79.8%): 1 4 6 7 10 12
10 (85.23%): 2 5 6 8 11 12
11 (89.65%): 1 8 9 10 11 12
12 (93.56%): 3 4 5 7 9 11
13 (95.2%): 3 5 6 10 11 12
14 (96.59%): 1 6 7 8 9 11
15 (97.47%): 1 3 8 9 10 12
16 (98.61%): 4 5 6 8 10 11
17 (99.37%): 4 5 7 8 10 11
18 (99.75%): 2 4 8 10 11 12
19 (100.0%): 3 6 7 9 11 12
*****
Total number of lines: 19
Time taken: 9.713406085968018