Unimatrix Zero
Version: 1.2

Range: 12
Line length: 6
Picked: 6
Cover: 5

*****
1 (4.0%): 1 2 3 4 5 12
2 (8.01%): 1 2 3 6 7 11
3 (12.01%): 1 2 4 6 8 10
4 (15.58%): 1 3 4 6 9 12
5 (19.59%): 2 3 4 7 8 9
6 (23.16%): 1 3 4 7 10 11
7 (26.3%): 1 2 3 8 11 12
8 (29.87%): 1 2 3 5 9 10
9 (33.12%): 1 2 4 5 9 11
10 (36.69%): 1 3 5 6 7 8
11 (39.5%): 2 3 6 8 9 11
12 (43.07%): 2 3 6 7 10 12
13 (45.78%): 1 2 7 8 10 12
14 (48.27%): 1 2 7 9 11 12
15 (51.41%): 2 4 5 6 7 12
16 (54.11%): 1 4 5 7 8 11
17 (56.71%): 1 4 5 7 9 10
18 (58.66%): 2 4 6 7 9 10
19 (61.36%): 1 4 6 10 11 12
20 (63.96%): 2 4 8 9 10 12
21 (66.13%): 1 5 6 7 8 9
22 (68.72%): 2 5 6 7 10 11
23 (71.21%): 2 5 6 8 11 12
24 (73.27%): 1 5 6 9 10 12
25 (75.11%): 1 3 5 8 9 12
26 (77.27%): 2 3 5 8 10 11
27 (78.68%): 1 3 5 10 11 12
28 (79.76%): 1 6 8 9 11 12
29 (81.39%): 1 6 8 9 10 11
30 (84.09%): 3 4 5 6 8 10
31 (86.36%): 3 4 5 6 9 11
32 (87.88%): 3 4 6 8 11 12
33 (89.29%): 3 4 7 8 9 12
34 (90.26%): 3 4 8 9 10 11
35 (91.02%): 3 4 7 8 10 12
36 (93.07%): 3 5 7 9 11 12
37 (94.05%): 3 6 7 9 10 12
38 (94.48%): 1 6 7 8 10 12
39 (95.35%): 3 7 8 9 10 11
40 (95.78%): 1 4 5 8 11 12
41 (96.32%): 4 6 7 9 11 12
42 (96.65%): 1 5 7 10 11 12
43 (97.4%): 2 3 4 7 10 11
44 (98.05%): 2 4 9 10 11 12
45 (98.81%): 2 5 6 7 8 9
46 (99.13%): 2 3 5 9 10 12
47 (99.46%): 2 5 7 8 10 12
48 (99.78%): 2 4 6 7 8 11
49 (100.0%): 4 5 8 9 11 12
*****
Total number of lines: 49
Time taken: 3.028367042541504